SSRL   EXAFS Data Collector 4.0       
Mon Jan 16 15:51:15 2017              
PTS:        455 COLS:         10
lytle.det                             
Fe_xafs.rgn                           
73 unfocused  0.000 0 X 1.920170 20000                                        
5 1000 600 RST 0 0                    
                                                                              
                                                                              
                                                                              
                                                                              
                                                                              
                                                                              

Weights: 
 1.000  1.000  1.000  1.000  1.000  1.000  1.000  1.000  1.000  1.000 
Offsets: 
 0.000  0.000  0.000  0.000  0.000  7.400  209.000  4884.500  193.900  0.000 
Data: 
Real time clock   
Total time        
Requested Energy  
Achieved Energy   
I0                
I1                
I2                
Lytle             
                  
                  

 1.000  1.000  6880.000  6880.003  14337.000  11456.600  34487.000  -1934.500  -91.900  0.000 
 1.000  2.000  6890.000  6889.996  14342.000  11651.600  35222.000  -1921.500  -97.900  0.000 
 1.000  3.000  6900.000  6900.000  14339.000  11828.600  35901.000  -1910.500  -103.900  0.000 
 1.000  4.000  6910.000  6910.002  14346.000  12010.600  36611.000  -1900.500  -104.900  0.000 
 1.000  5.000  6920.000  6920.003  14309.000  12180.600  37322.000  -1853.500  -96.900  0.000 
 1.000  6.000  6930.000  6930.003  14312.000  12369.600  38045.000  -1845.500  -106.900  0.000 
 1.000  7.000  6940.000  6940.001  14295.000  12540.600  38742.000  -1835.500  -98.900  0.000 
 1.000  8.000  6950.000  6949.998  14291.000  12733.600  39509.000  -1818.500  -110.900  0.000 
 1.000  9.000  6960.000  6960.003  14298.000  12937.600  40306.000  -1790.500  -96.900  0.000 
 1.000  10.000  6970.000  6969.996  14277.000  13119.600  41043.000  -1768.500  -91.900  0.000 
 1.000  11.000  6980.000  6979.998  14241.000  13290.600  41767.000  -1749.500  -95.900  0.000 
 1.000  12.000  6990.000  6989.997  14297.000  13540.600  42743.000  -1699.500  -92.900  0.000 
 1.000  13.000  7000.000  7000.005  14286.000  13737.600  43543.000  -1657.500  -102.900  0.000 
 1.000  14.000  7010.000  7009.999  14275.000  13935.600  44364.000  -1593.500  -83.900  0.000 
 1.000  15.000  7020.000  7020.001  14269.000  14139.600  45209.000  -1528.500  -96.900  0.000 
 1.000  16.000  7030.000  7030.000  14273.000  14344.600  46057.000  -1435.500  -95.900  0.000 
 1.000  17.000  7040.000  7039.996  14274.000  14554.600  46920.000  -1342.500  -85.900  0.000 
 1.000  18.000  7050.000  7050.000  14244.000  14733.600  47707.000  -1213.500  -104.900  0.000 
 1.000  19.000  7060.000  7060.001  14191.000  14888.600  48407.000  -1046.500  -92.900  0.000 
 1.000  20.000  7070.000  7069.998  14244.000  15145.600  49429.000  -772.500  -98.900  0.000 
 1.000  21.000  7080.000  7080.002  14202.000  15310.600  50144.000  -391.500  -103.900  0.000 
 1.000  22.000  7090.000  7090.003  14258.000  15555.600  51041.000  232.500  -90.900  0.000 
 1.000  23.000  7090.352  7090.354  14263.000  15564.600  51082.000  262.500  -88.900  0.000 
 1.000  24.000  7090.704  7090.705  14256.000  15565.600  51086.000  282.500  -87.900  0.000 
 1.000  25.000  7091.056  7091.056  14258.000  15571.600  51103.000  319.500  -93.900  0.000 
 1.000  26.000  7091.408  7091.406  14277.000  15600.600  51206.000  347.500  -95.900  0.000 
 1.000  27.000  7091.760  7091.757  14257.000  15589.600  51174.000  361.500  -95.900  0.000 
 1.000  28.000  7092.112  7092.108  14252.000  15585.600  51158.000  396.500  -96.900  0.000 
 1.000  29.000  7092.464  7092.459  14254.000  15592.600  51180.000  428.500  -96.900  0.000 
 1.000  30.000  7092.816  7092.811  14255.000  15594.600  51191.000  470.500  -97.900  0.000 
 1.000  31.000  7093.168  7093.174  14246.000  15595.600  51191.000  501.500  -96.900  0.000 
 1.000  32.000  7093.520  7093.525  14255.000  15612.600  51248.000  523.500  -97.900  0.000 
 1.000  33.000  7093.872  7093.876  14258.000  15621.600  51272.000  556.500  -98.900  0.000 
 1.000  34.000  7094.224  7094.228  14242.000  15609.600  51245.000  574.500  -97.900  0.000 
 1.000  35.000  7094.576  7094.579  14237.000  15611.600  51242.000  632.500  -96.900  0.000 
 1.000  36.000  7094.928  7094.930  14240.000  15628.600  51286.000  678.500  -96.900  0.000 
 1.000  37.000  7095.280  7095.282  14238.000  15632.600  51300.000  723.500  -96.900  0.000 
 1.000  38.000  7095.632  7095.633  14239.000  15637.600  51317.000  759.500  -99.900  0.000 
 1.000  39.000  7095.984  7095.984  14231.000  15633.600  51302.000  810.500  -97.900  0.000 
 1.000  40.000  7096.336  7096.336  14229.000  15636.600  51317.000  827.500  -96.900  0.000 
 1.000  41.000  7096.688  7096.688  14247.000  15660.600  51390.000  890.500  -88.900  0.000 
 1.000  42.000  7097.040  7097.039  14234.000  15624.600  51282.000  916.500  -95.900  0.000 
 1.000  43.000  7097.392  7097.391  14212.000  15607.600  51225.000  965.500  -96.900  0.000 
 1.000  44.000  7097.744  7097.743  14217.000  15618.600  51254.000  1003.500  -98.900  0.000 
 1.000  45.000  7098.096  7098.094  14234.000  15641.600  51340.000  1071.500  -94.900  0.000 
 1.000  46.000  7098.448  7098.446  14206.000  15610.600  51233.000  1102.500  -97.900  0.000 
 1.000  47.000  7098.800  7098.798  14211.000  15616.600  51246.000  1165.500  -100.900  0.000 
 1.000  48.000  7099.152  7099.149  14210.000  15622.600  51249.000  1214.500  -101.900  0.000 
 1.000  49.000  7099.504  7099.501  14206.000  15623.600  51249.000  1276.500  -98.900  0.000 
 1.000  50.000  7099.856  7099.854  14205.000  15627.600  51257.000  1333.500  -98.900  0.000 
 1.000  51.000  7100.208  7100.205  14207.000  15631.600  51262.000  1400.500  -98.900  0.000 
 1.000  52.000  7100.560  7100.557  14209.000  15653.600  51306.000  1459.500  -99.900  0.000 
 1.000  53.000  7100.912  7100.909  14237.000  15711.600  51467.000  1535.500  -95.900  0.000 
 1.000  54.000  7101.264  7101.261  14236.000  15709.600  51452.000  1595.500  -92.900  0.000 
 1.000  55.000  7101.616  7101.613  14217.000  15692.600  51392.000  1656.500  -88.900  0.000 
 1.000  56.000  7101.968  7101.965  14210.000  15694.600  51385.000  1734.500  -92.900  0.000 
 1.000  57.000  7102.320  7102.318  14203.000  15688.600  51339.000  1813.500  -95.900  0.000 
 1.000  58.000  7102.672  7102.670  14209.000  15695.600  51350.000  1886.500  -89.900  0.000 
 1.000  59.000  7103.024  7103.022  14213.000  15702.600  51354.000  1964.500  -92.900  0.000 
 1.000  60.000  7103.376  7103.375  14206.000  15698.600  51316.000  2054.500  -98.900  0.000 
 1.000  61.000  7103.728  7103.727  14210.000  15706.600  51334.000  2150.500  -101.900  0.000 
 1.000  62.000  7104.080  7104.079  14209.000  15707.600  51318.000  2242.500  -98.900  0.000 
 1.000  63.000  7104.432  7104.432  14190.000  15669.600  51163.000  2320.500  -98.900  0.000 
 1.000  64.000  7104.784  7104.784  14188.000  15667.600  51138.000  2436.500  -99.900  0.000 
 1.000  65.000  7105.136  7105.137  14196.000  15680.600  51142.000  2533.500  -98.900  0.000 
 1.000  66.000  7105.488  7105.489  14192.000  15676.600  51095.000  2640.500  -96.900  0.000 
 1.000  67.000  7105.840  7105.842  14178.000  15661.600  51011.000  2755.500  -100.900  0.000 
 1.000  68.000  7106.192  7106.194  14180.000  15673.600  50990.000  2871.500  -98.900  0.000 
 1.000  69.000  7106.544  7106.547  14193.000  15686.600  50972.000  3016.500  -98.900  0.000 
 1.000  70.000  7106.896  7106.899  14207.000  15697.600  50948.000  3145.500  -97.900  0.000 
 1.000  71.000  7107.248  7107.252  14189.000  15678.600  50832.000  3295.500  -91.900  0.000 
 1.000  72.000  7107.600  7107.605  14177.000  15665.600  50714.000  3435.500  -95.900  0.000 
 1.000  73.000  7107.952  7107.958  14177.000  15659.600  50588.000  3605.500  -104.900  0.000 
 1.000  74.000  7108.304  7108.299  14182.000  15658.600  50500.000  3785.500  -108.900  0.000 
 1.000  75.000  7108.656  7108.651  14184.000  15651.600  50357.000  3987.500  -100.900  0.000 
 1.000  76.000  7109.008  7109.004  14173.000  15637.600  50163.000  4198.500  -107.900  0.000 
 1.000  77.000  7109.360  7109.357  14166.000  15625.600  49944.000  4420.500  -105.900  0.000 
 1.000  78.000  7109.712  7109.710  14173.000  15619.600  49695.000  4684.500  -102.900  0.000 
 1.000  79.000  7110.064  7110.063  14153.000  15570.600  49232.000  4998.500  -98.900  0.000 
 1.000  80.000  7110.416  7110.417  14153.000  15553.600  48754.000  5329.500  -99.900  0.000 
 1.000  81.000  7110.768  7110.770  14143.000  15527.600  48041.000  5740.500  -102.900  0.000 
 1.000  82.000  7111.120  7111.123  14145.000  15504.600  46959.000  6240.500  -100.900  0.000 
 1.000  83.000  7111.472  7111.476  14146.000  15474.600  45251.000  6882.500  -104.900  0.000 
 1.000  84.000  7111.824  7111.829  14139.000  15456.600  42877.000  7732.500  -104.900  0.000 
 1.000  85.000  7112.176  7112.170  14130.000  15385.600  40335.000  8928.500  -103.900  0.000 
 1.000  86.000  7112.528  7112.524  14129.000  15270.600  37995.000  10885.500  -106.900  0.000 
 1.000  87.000  7112.880  7112.877  14119.000  15066.600  36015.000  14141.500  -109.900  0.000 
 1.000  88.000  7113.232  7113.230  14120.000  14767.600  34228.000  18944.500  -101.900  0.000 
 1.000  89.000  7113.584  7113.584  14110.000  14423.600  32597.000  23784.500  -102.900  0.000 
 1.000  90.000  7113.936  7113.938  14109.000  14152.600  31260.000  27656.500  -94.900  0.000 
 1.000  91.000  7114.288  7114.291  14108.000  13962.600  30174.000  30190.500  -98.900  0.000 
 1.000  92.000  7114.640  7114.645  14109.000  13886.600  29395.000  31031.500  -90.900  0.000 
 1.000  93.000  7114.992  7114.998  14106.000  13950.600  29000.000  29689.500  -96.900  0.000 
 1.000  94.000  7115.344  7115.339  14104.000  14121.600  28938.000  27118.500  -103.900  0.000 
 1.000  95.000  7115.696  7115.693  14104.000  14311.600  28997.000  24723.500  -100.900  0.000 
 1.000  96.000  7116.048  7116.047  14106.000  14410.600  28983.000  23671.500  -101.900  0.000 
 1.000  97.000  7116.400  7116.401  14104.000  14426.600  28892.000  23628.500  -98.900  0.000 
 1.000  98.000  7116.752  7116.754  14119.000  14422.600  28777.000  24114.500  -94.900  0.000 
 1.000  99.000  7117.104  7117.108  14107.000  14375.600  28565.000  24766.500  -104.900  0.000 
 1.000  100.000  7117.456  7117.450  14101.000  14339.600  28281.000  25509.500  -104.900  0.000 
 1.000  101.000  7117.808  7117.804  14098.000  14278.600  27799.000  26340.500  -99.900  0.000 
 1.000  102.000  7118.160  7118.158  14083.000  14210.600  27120.000  27186.500  -94.900  0.000 
 1.000  103.000  7118.512  7118.512  14100.000  14178.600  26327.000  28124.500  -98.900  0.000 
 1.000  104.000  7118.864  7118.866  14102.000  14123.600  25414.000  29206.500  -99.900  0.000 
 1.000  105.000  7119.216  7119.220  14082.000  14025.600  24423.000  30616.500  -97.900  0.000 
 1.000  106.000  7119.568  7119.574  14073.000  13895.600  23390.000  32627.500  -92.900  0.000 
 1.000  107.000  7119.920  7119.916  14066.000  13735.600  22395.000  35236.500  -99.900  0.000 
 1.000  108.000  7120.272  7120.270  14069.000  13522.600  21299.000  38843.500  -92.900  0.000 
 1.000  109.000  7120.624  7120.625  14077.000  13250.600  20166.000  43445.500  -101.900  0.000 
 1.000  110.000  7120.976  7120.979  14068.000  12897.600  18980.000  49116.500  -88.900  0.000 
 1.000  111.000  7121.328  7121.333  14071.000  12466.600  17758.000  56247.500  -91.900  0.000 
 1.000  112.000  7121.680  7121.675  14057.000  11961.600  16583.000  64365.500  -91.900  0.000 
 1.000  113.000  7122.032  7122.029  14063.000  11371.600  15410.000  74391.500  -87.900  0.000 
 1.000  114.000  7122.384  7122.384  14055.000  10701.600  14272.000  85690.500  -95.900  0.000 
 1.000  115.000  7122.736  7122.738  14054.000  9977.600  13177.000  98156.500  -98.900  0.000 
 1.000  116.000  7123.088  7123.093  14091.000  9289.600  12217.000  111278.500  -111.900  0.000 
 1.000  117.000  7123.440  7123.435  14118.000  8627.600  11364.000  123670.500  -102.900  0.000 
 1.000  118.000  7123.792  7123.790  14155.000  8013.600  10598.000  135746.500  -115.900  0.000 
 1.000  119.000  7124.144  7124.145  14182.000  7472.600  9954.000  146710.500  -106.900  0.000 
 1.000  120.000  7124.496  7124.499  14185.000  6984.600  9385.000  156497.500  -114.900  0.000 
 1.000  121.000  7124.848  7124.854  14206.000  6558.600  8902.000  165758.500  -122.900  0.000 
 1.000  122.000  7125.200  7125.196  14187.000  6147.600  8445.000  174190.500  -124.900  0.000 
 1.000  123.000  7125.552  7125.551  14185.000  5757.600  8037.000  182937.500  -124.900  0.000 
 1.000  124.000  7125.904  7125.906  14186.000  5371.600  7651.000  192057.500  -123.900  0.000 
 1.000  125.000  7126.256  7126.261  14172.000  4979.600  7265.000  201184.500  -108.900  0.000 
 1.000  126.000  7126.608  7126.604  14164.000  4616.600  6924.000  210243.500  -112.900  0.000 
 1.000  127.000  7126.960  7126.958  14165.000  4253.600  6587.000  219802.500  -116.900  0.000 
 1.000  128.000  7127.312  7127.313  14160.000  3920.600  6289.000  228876.500  -109.900  0.000 
 1.000  129.000  7127.664  7127.668  14151.000  3620.600  6017.000  237285.500  -122.900  0.000 
 1.000  130.000  7128.016  7128.011  14145.000  3366.600  5795.000  244587.500  -111.900  0.000 
 1.000  131.000  7128.368  7128.366  14139.000  3139.600  5597.000  251671.500  -115.900  0.000 
 1.000  132.000  7128.720  7128.722  14133.000  2950.600  5429.000  257634.500  -107.900  0.000 
 1.000  133.000  7129.072  7129.077  14143.000  2792.600  5292.000  263367.500  -118.900  0.000 
 1.000  134.000  7129.424  7129.420  14125.000  2662.600  5180.000  267576.500  -118.900  0.000 
 1.000  135.000  7129.776  7129.775  14126.000  2551.600  5082.000  271735.500  -120.900  0.000 
 1.000  136.000  7130.128  7130.130  14133.000  2460.600  5005.000  275383.500  -108.900  0.000 
 1.000  137.000  7130.480  7130.486  14120.000  2383.600  4943.000  278137.500  -114.900  0.000 
 1.000  138.000  7130.832  7130.829  14116.000  2319.600  4893.000  280664.500  -111.900  0.000 
 1.000  139.000  7131.184  7131.184  14101.000  2265.600  4853.000  282488.500  -114.900  0.000 
 1.000  140.000  7131.536  7131.540  14089.000  2223.600  4825.000  284058.500  -96.900  0.000 
 1.000  141.000  7131.888  7131.883  14084.000  2190.600  4810.000  285297.500  -99.900  0.000 
 1.000  142.000  7132.240  7132.238  14102.000  2167.600  4800.000  286754.500  -103.900  0.000 
 1.000  143.000  7132.592  7132.594  14094.000  2151.600  4801.000  287370.500  -104.900  0.000 
 1.000  144.000  7132.944  7132.950  14075.000  2142.600  4807.000  287250.500  -107.900  0.000 
 1.000  145.000  7133.296  7133.293  14086.000  2143.600  4822.000  287469.500  -104.900  0.000 
 1.000  146.000  7133.648  7133.648  14078.000  2150.600  4836.000  287084.500  -111.900  0.000 
 1.000  147.000  7134.000  7134.004  14076.000  2167.600  4854.000  286286.500  -111.900  0.000 
 1.000  148.000  7134.352  7134.348  14104.000  2193.600  4912.000  285811.500  -111.900  0.000 
 1.000  149.000  7134.704  7134.704  14076.000  2216.600  4947.000  284229.500  -112.900  0.000 
 1.000  150.000  7135.056  7135.060  14067.000  2245.600  4974.000  282786.500  -113.900  0.000 
 1.000  151.000  7135.408  7135.403  14073.000  2276.600  5005.000  281667.500  -111.900  0.000 
 1.000  152.000  7135.760  7135.759  14073.000  2310.600  5032.000  280376.500  -113.900  0.000 
 1.000  153.000  7136.112  7136.115  14074.000  2341.600  5047.000  279175.500  -110.900  0.000 
 1.000  154.000  7136.464  7136.459  14066.000  2373.600  5110.000  277945.500  -111.900  0.000 
 1.000  155.000  7136.816  7136.815  14063.000  2404.600  5135.000  276715.500  -117.900  0.000 
 1.000  156.000  7137.168  7137.171  14064.000  2431.600  5156.000  275678.500  -111.900  0.000 
 1.000  157.000  7137.520  7137.515  14079.000  2459.600  5173.000  274989.500  -110.900  0.000 
 1.000  158.000  7137.872  7137.871  14071.000  2484.600  5190.000  273905.500  -107.900  0.000 
 1.000  159.000  7138.224  7138.227  14091.000  2512.600  5204.000  273426.500  -110.900  0.000 
 1.000  160.000  7138.576  7138.571  14077.000  2538.600  5214.000  272195.500  -114.900  0.000 
 1.000  161.000  7138.928  7138.928  14075.000  2569.600  5230.000  271035.500  -118.900  0.000 
 1.000  162.000  7139.280  7139.284  14071.000  2601.600  5246.000  269785.500  -122.900  0.000 
 1.000  163.000  7139.632  7139.628  14069.000  2635.600  5264.000  268537.500  -122.900  0.000 
 1.000  164.000  7139.999  7139.997  14068.000  2674.600  5279.000  267206.500  -122.900  0.000 
 1.000  165.000  7140.625  7140.624  14068.000  2742.598  5310.957  264899.469  -115.940  0.000 
 1.001  166.001  7141.271  7141.275  14072.000  2813.594  5344.825  262642.406  -114.062  0.000 
 1.002  167.003  7141.937  7141.939  14091.000  2885.586  5395.607  260760.312  -101.264  0.000 
 1.003  168.006  7142.620  7142.616  14114.000  2956.575  5446.302  259122.188  -109.548  0.000 
 1.005  169.011  7143.323  7143.329  14145.000  3022.561  5494.909  257883.000  -119.912  0.000 
 1.008  170.019  7144.045  7144.043  14168.000  3079.544  5547.429  256759.781  -117.358  0.000 
 1.010  171.029  7144.786  7144.781  14215.000  3130.524  5599.861  256628.516  -116.884  0.000 
 1.013  172.043  7145.546  7145.544  14266.000  3171.501  5650.207  256754.219  -117.491  0.000 
 1.017  173.060  7146.326  7146.320  14303.000  3197.475  5671.465  257123.875  -122.180  0.000 
 1.021  174.080  7147.124  7147.121  14379.000  3228.446  5689.636  258130.500  -119.949  0.000 
 1.025  175.106  7147.941  7147.946  14432.000  3273.413  5705.719  258217.078  -116.799  0.000 
 1.030  176.136  7148.777  7148.772  14498.000  3343.377  5733.715  257773.625  -119.731  0.000 
 1.035  177.171  7149.632  7149.635  14568.000  3442.339  5784.624  256694.109  -119.743  0.000 
 1.041  178.212  7150.507  7150.510  14649.000  3570.297  5860.446  254953.578  -124.836  0.000 
 1.047  179.259  7151.400  7151.398  14727.000  3713.252  5952.180  252874.000  -122.011  0.000 
 1.053  180.312  7152.313  7152.312  14816.000  3866.204  6054.827  250815.375  -121.266  0.000 
 1.060  181.373  7153.245  7153.249  14916.000  4015.153  6160.387  249180.719  -113.602  0.000 
 1.068  182.440  7154.195  7154.200  15027.000  4158.099  6270.859  248188.016  -119.019  0.000 
 1.075  183.516  7155.165  7155.163  15129.000  4283.042  6366.244  247398.266  -126.517  0.000 
 1.084  184.599  7156.153  7156.151  15251.000  4407.982  6489.542  247287.500  -124.097  0.000 
 1.092  185.691  7157.161  7157.164  15380.000  4535.918  6623.752  247197.672  -125.757  0.000 
 1.101  186.792  7158.188  7158.190  15498.000  4647.852  6739.876  247481.812  -121.498  0.000 
 1.110  187.903  7159.234  7159.229  15620.000  4746.783  6841.912  248088.906  -126.320  0.000 
 1.120  189.023  7160.299  7160.305  15747.000  4836.710  6932.860  249095.969  -135.223  0.000 
 1.131  190.154  7161.383  7161.381  15884.000  4909.634  7013.722  250927.984  -128.207  0.000 
 1.141  191.295  7162.486  7162.482  16045.000  4967.555  7086.496  253621.969  -133.272  0.000 
 1.152  192.447  7163.607  7163.609  16201.000  5002.474  7169.183  256901.906  -135.418  0.000 
 1.164  193.611  7164.749  7164.749  16357.000  5016.389  7235.782  260721.812  -130.645  0.000 
 1.176  194.787  7165.909  7165.913  16531.000  5016.300  7305.294  265428.656  -132.953  0.000 
 1.188  195.974  7167.088  7167.090  16671.000  4987.209  7330.720  269933.469  -132.342  0.000 
 1.201  197.175  7168.286  7168.281  16856.000  4955.115  7362.057  275873.250  -135.812  0.000 
 1.214  198.389  7169.503  7169.509  17032.000  4904.018  7395.308  281886.000  -132.363  0.000 
 1.227  199.616  7170.740  7170.737  17217.000  4846.917  7409.471  288473.688  -126.995  0.000 
 1.241  200.858  7171.996  7171.991  17402.000  4783.813  7426.546  295409.344  -136.708  0.000 
 1.256  202.114  7173.270  7173.270  17603.000  4723.707  7467.535  302544.969  -139.502  0.000 
 1.271  203.384  7174.563  7174.562  17796.000  4653.597  7511.436  309821.562  -141.377  0.000 
 1.286  204.670  7175.876  7175.879  18008.000  4586.484  7562.250  317626.094  -149.333  0.000 
 1.302  205.972  7177.208  7177.209  18202.000  4558.369  7643.977  323804.594  -137.370  0.000 
 1.318  207.289  7178.558  7178.553  18432.000  4576.250  7756.616  329505.062  -140.488  0.000 
 1.334  208.623  7179.928  7179.934  18698.000  4601.127  7865.168  336005.469  -143.687  0.000 
 1.351  209.974  7181.316  7181.316  18915.000  4626.002  7952.633  341158.844  -155.966  0.000 
 1.368  211.343  7182.724  7182.723  19163.000  4661.874  8025.010  346903.188  -150.327  0.000 
 1.386  212.729  7184.151  7184.156  19409.000  4712.743  8106.300  352091.500  -147.769  0.000 
 1.404  214.133  7185.597  7185.602  19654.000  4779.608  8192.503  356958.750  -147.292  0.000 
 1.423  215.556  7187.062  7187.061  19898.000  4851.471  8279.619  361706.969  -143.896  0.000 
 1.442  216.998  7188.546  7188.546  20152.000  4931.330  8368.647  366394.156  -144.580  0.000 
 1.461  218.459  7190.049  7190.044  20419.000  5014.187  8434.588  371294.281  -148.346  0.000 
 1.481  219.940  7191.571  7191.567  20683.000  5098.040  8492.442  376119.375  -157.193  0.000 
 1.501  221.442  7193.112  7193.117  20948.000  5197.890  8572.208  380635.438  -158.120  0.000 
 1.522  222.964  7194.672  7194.667  21232.000  5303.737  8682.888  385408.469  -165.129  0.000 
 1.543  224.507  7196.252  7196.255  21478.000  5402.581  8810.479  389491.438  -179.219  0.000 
 1.565  226.072  7197.850  7197.845  21682.000  5507.421  9002.984  392461.375  -171.389  0.000 
 1.587  227.658  7199.467  7199.472  22111.000  5638.259  9217.401  400248.281  -170.641  0.000 
 1.609  229.267  7201.104  7201.101  22139.000  5710.094  9414.731  399981.125  -189.974  0.000 
 1.632  230.899  7202.759  7202.755  21003.000  5463.925  9416.974  381729.938  -180.387  0.000 
 1.655  232.554  7204.434  7204.435  23446.000  6078.754  10015.130  423077.719  -190.882  0.000 
 1.678  234.232  7206.127  7206.129  23631.000  6191.579  10278.197  425643.469  -190.457  0.000 
 1.702  235.935  7207.840  7207.836  23934.000  6337.401  10538.179  429988.156  -205.114  0.000 
 1.727  237.662  7209.571  7209.569  24268.000  6491.221  10734.072  435063.812  -201.851  0.000 
 1.752  239.414  7211.322  7211.328  24551.000  6628.037  10807.878  439422.438  -195.670  0.000 
 1.777  241.191  7213.092  7213.088  24929.000  6787.850  10814.597  445529.000  -197.569  0.000 
 1.803  242.993  7214.881  7214.875  25238.000  6928.660  10742.229  450437.562  -194.550  0.000 
 1.829  244.822  7216.688  7216.687  25591.000  7081.467  10709.773  456255.062  -186.611  0.000 
 1.855  246.678  7218.516  7218.513  25963.000  7225.271  10712.230  462757.500  -176.754  0.000 
 1.882  248.560  7220.361  7220.366  26312.000  7352.071  10755.600  469221.938  -194.977  0.000 
 1.910  250.469  7222.227  7222.231  26741.000  7495.869  10920.883  477168.312  -199.282  0.000 
 1.937  252.407  7224.110  7224.111  27088.000  7615.663  11160.078  483756.625  -184.667  0.000 
 1.966  254.373  7226.014  7226.018  27465.000  7742.455  11487.186  491093.938  -191.133  0.000 
 1.994  256.367  7227.936  7227.938  27853.000  7874.243  11881.206  498631.188  -204.681  0.000 
 2.023  258.390  7229.877  7229.871  28278.000  8013.028  12303.140  506813.406  -214.309  0.000 
 2.053  260.443  7231.837  7231.831  28693.000  8156.810  12748.985  514611.594  -223.018  0.000 
 2.083  262.525  7233.816  7233.818  29080.000  8305.589  13197.744  521767.719  -224.809  0.000 
 2.113  264.638  7235.815  7235.818  29469.000  8457.365  13606.416  528956.812  -226.680  0.000 
 2.144  266.782  7237.832  7237.833  29918.000  8634.138  13977.000  536966.875  -241.632  0.000 
 2.175  268.956  7239.869  7239.874  30333.000  8796.907  14243.497  544421.875  -242.666  0.000 
 2.206  271.163  7241.924  7241.929  30777.000  8964.674  14444.906  552821.875  -245.780  0.000 
 2.238  273.401  7243.999  7243.998  31190.000  9124.438  14583.229  560599.812  -257.975  0.000 
 2.271  275.671  7246.092  7246.094  31660.000  9287.198  14698.464  569690.688  -258.251  0.000 
 2.303  277.974  7248.205  7248.204  32081.000  9433.956  14826.611  578144.562  -246.608  0.000 
 2.336  280.311  7250.336  7250.340  32532.000  9572.710  14995.672  587724.375  -249.047  0.000 
 2.370  282.681  7252.487  7252.491  33015.000  9710.461  15237.646  598075.188  -259.566  0.000 
 2.404  285.085  7254.657  7254.656  33492.000  9831.209  15505.531  608751.875  -269.166  0.000 
 2.439  287.524  7256.846  7256.848  33952.000  9945.954  15778.330  619242.625  -279.847  0.000 
 2.473  289.997  7259.054  7259.054  34416.000  10055.696  15972.041  630110.250  -290.609  0.000 
 2.509  292.506  7261.281  7261.275  34931.000  10188.435  16152.665  641754.875  -270.452  0.000 
 2.544  295.051  7263.527  7263.522  35374.000  10279.171  16232.202  652503.438  -292.376  0.000 
 2.581  297.631  7265.792  7265.797  35853.000  10406.903  16394.650  663427.000  -292.381  0.000 
 2.617  300.248  7268.076  7268.073  36365.000  10542.633  16561.014  674968.500  -304.467  0.000 
 2.654  302.902  7270.379  7270.377  36912.000  10703.359  16720.289  687000.938  -301.634  0.000 
 2.692  305.594  7272.701  7272.708  37360.000  10844.083  16801.477  696847.375  -307.882  0.000 
 2.729  308.323  7275.042  7275.040  37899.000  11021.803  16951.576  708047.750  -315.211  0.000 
 2.768  311.091  7277.403  7277.400  38445.000  11230.521  17188.590  718829.062  -318.621  0.000 
 2.806  313.897  7279.782  7279.787  39137.000  11459.234  17442.516  732847.375  -300.112  0.000 
 2.845  316.742  7282.181  7282.176  39894.000  11736.945  17739.354  747475.625  -319.684  0.000 
 2.885  319.627  7284.598  7284.592  40462.000  11971.653  17948.104  758232.812  -323.337  0.000 
 2.925  322.551  7287.035  7287.037  40977.000  12213.358  18151.768  767599.000  -312.071  0.000 
 2.965  325.516  7289.490  7289.495  41594.000  12489.060  18440.344  778729.125  -327.886  0.000 
 3.006  328.522  7291.965  7291.969  42116.000  12756.759  18854.834  787975.250  -321.782  0.000 
 3.047  331.569  7294.458  7294.457  42660.000  13031.454  19384.236  797289.312  -309.759  0.000 
 3.088  334.657  7296.971  7296.973  43248.000  13334.146  20079.551  807736.312  -333.817  0.000 
 3.130  337.787  7299.503  7299.503  43811.000  13621.836  20759.777  817776.312  -332.955  0.000 
 3.173  340.960  7302.054  7302.049  44397.000  13908.522  21373.918  828186.250  -319.175  0.000 
 3.215  344.175  7304.624  7304.623  45022.000  14202.206  21964.971  839868.125  -304.476  0.000 
 3.259  347.434  7307.212  7307.211  45582.000  14456.886  22416.936  850608.000  -331.858  0.000 
 3.302  350.736  7309.820  7309.815  46184.000  14734.562  22915.814  862484.812  -318.321  0.000 
 3.346  354.083  7312.447  7312.446  46801.000  15017.236  23318.605  874406.562  -315.864  0.000 
 3.391  357.473  7315.093  7315.093  47391.000  15271.907  23665.309  886491.312  -323.489  0.000 
 3.436  360.909  7317.758  7317.755  47989.000  15496.575  23987.926  899621.000  -326.195  0.000 
 3.481  364.390  7320.442  7320.445  48633.000  15765.240  24385.455  913096.688  -333.981  0.000 
 3.527  367.917  7323.146  7323.150  49255.000  16015.901  24766.896  926555.250  -345.849  0.000 
 3.573  371.490  7325.868  7325.871  49896.000  16277.561  25142.250  940123.875  -348.798  0.000 
 3.620  375.110  7328.609  7328.606  50527.000  16538.215  25515.518  953590.375  -358.827  0.000 
 3.667  378.776  7331.370  7331.371  51153.000  16803.867  25938.697  967016.875  -364.938  0.000 
 3.714  382.490  7334.149  7334.150  51770.000  17065.518  26393.791  980394.312  -370.130  0.000 
 3.762  386.252  7336.948  7336.945  52446.000  17360.164  26911.795  994579.750  -385.402  0.000 
 3.810  390.062  7339.765  7339.769  53113.000  17669.807  27393.713  1008364.125  -397.756  0.000 
 3.859  393.920  7342.602  7342.607  53746.000  17988.445  27747.545  1021204.500  -403.190  0.000 
 3.908  397.828  7345.457  7345.462  54396.000  18310.082  27984.287  1034191.750  -413.706  0.000 
 3.957  401.785  7348.332  7348.333  55064.000  18652.717  28159.943  1047591.000  -416.302  0.000 
 4.007  405.792  7351.226  7351.231  55706.000  18961.348  28298.512  1060864.250  -430.980  0.000 
 4.057  409.850  7354.138  7354.133  56477.000  19360.975  28549.994  1075621.375  -429.738  0.000 
 4.108  413.958  7357.070  7357.076  57116.000  19688.600  28736.389  1088934.500  -456.578  0.000 
 4.159  418.117  7360.021  7360.022  57809.000  20035.221  28970.695  1103446.625  -470.498  0.000 
 4.211  422.328  7362.991  7362.984  58595.000  20436.840  29411.916  1119226.750  -453.500  0.000 
 4.263  426.591  7365.980  7365.976  59163.000  20701.455  29602.047  1132088.750  -464.582  0.000 
 4.315  430.907  7368.988  7368.982  59896.000  21053.066  30102.092  1148174.750  -454.746  0.000 
 4.368  435.275  7372.015  7372.019  60555.000  21361.676  30674.051  1162705.625  -467.990  0.000 
 4.421  439.696  7375.061  7375.057  61290.000  21700.281  31480.922  1178880.500  -480.315  0.000 
 4.475  444.171  7378.126  7378.125  62007.000  22055.885  32490.705  1194667.375  -497.722  0.000 
 4.529  448.701  7381.210  7381.210  62747.000  22405.484  33627.398  1211190.250  -478.209  0.000 
 4.584  453.284  7384.313  7384.310  63423.000  22722.080  34592.008  1226761.000  -531.777  0.000 
 4.639  457.923  7387.436  7387.440  63985.000  23032.674  35430.531  1239747.750  -570.427  0.000 
 4.694  462.617  7390.577  7390.573  64908.000  23464.266  36066.965  1259528.375  -597.157  0.000 
 4.750  467.366  7393.737  7393.735  65699.000  23863.852  36560.312  1277108.000  -599.968  0.000 
 4.806  472.172  7396.917  7396.914  66355.000  24197.436  36845.570  1292152.625  -612.861  0.000 
 4.862  477.035  7400.116  7400.109  67142.000  24594.018  37320.742  1309521.250  -620.834  0.000 
 4.919  481.954  7403.333  7403.333  67865.000  25002.596  37877.828  1325186.750  -638.888  0.000 
 4.977  486.931  7406.570  7406.575  68628.000  25426.170  38453.824  1341585.250  -640.023  0.000 
 5.035  491.966  7409.825  7409.819  69238.000  25795.742  38933.734  1355278.750  -615.239  0.000 
 5.093  497.059  7413.100  7413.094  69675.000  26130.312  39366.559  1365011.125  -649.537  0.000 
 5.152  502.211  7416.394  7416.398  71149.000  26837.877  40245.293  1394996.500  -585.915  0.000 
 5.211  507.421  7419.707  7419.706  71854.000  27293.439  40941.941  1410115.875  -639.374  0.000 
 5.270  512.692  7423.039  7423.044  72588.000  27762.000  41656.504  1425429.125  -659.914  0.000 
 5.330  518.022  7426.389  7426.385  73425.000  28268.557  42497.977  1443022.375  -667.535  0.000 
 5.391  523.413  7429.759  7429.756  74191.000  28759.109  43239.363  1459062.625  -674.237  0.000 
 5.451  528.864  7433.148  7433.145  74967.000  29250.660  43910.664  1475864.750  -678.020  0.000 
 5.513  534.377  7436.556  7436.550  75699.000  29716.207  44430.875  1491724.875  -689.884  0.000 
 5.574  539.951  7439.983  7439.986  76529.000  30215.752  44912.000  1510377.000  -692.829  0.000 
 5.636  545.587  7443.430  7443.425  77304.000  30713.293  45341.039  1527378.125  -694.855  0.000 
 5.699  551.286  7446.895  7446.895  78164.000  31208.830  45592.988  1546821.125  -676.962  0.000 
 5.761  557.047  7450.379  7450.381  79395.000  31903.365  46813.852  1574300.125  -682.150  0.000 
 5.825  562.872  7453.882  7453.886  80650.000  32512.896  47162.625  1601650.000  -713.419  0.000 
 5.888  568.760  7457.405  7457.407  81500.000  33047.426  47867.316  1620768.875  -706.769  0.000 
 5.953  574.713  7460.946  7460.945  82411.000  33607.949  48784.918  1641435.750  -713.200  0.000 
 6.017  580.730  7464.506  7464.501  83277.000  34152.473  49745.430  1661647.625  -729.712  0.000 
 6.082  586.812  7468.086  7468.088  84034.000  34623.992  50529.855  1679680.375  -744.305  0.000 
 6.147  592.959  7471.685  7471.679  84911.000  35173.508  51561.195  1699520.125  -744.979  0.000 
 6.213  599.172  7475.302  7475.301  85761.000  35715.023  52634.445  1719473.750  -807.734  0.000 
 6.279  605.452  7478.939  7478.940  86668.000  36304.531  53712.613  1740398.375  -800.570  0.000 
 6.346  611.798  7482.594  7482.597  87615.000  36927.039  54815.688  1762110.000  -799.487  0.000 
 6.413  618.211  7486.269  7486.272  88387.000  37398.543  55716.680  1781165.625  -795.484  0.000 
 6.480  624.691  7489.963  7489.964  89309.000  38079.043  57020.582  1801350.125  -682.563  0.000 
 6.548  631.240  7493.676  7493.674  90227.000  38692.543  58169.398  1822911.625  -731.723  0.000 
 6.617  637.856  7497.408  7497.402  91027.000  39220.035  58982.125  1842379.125  -738.964  0.000 
 6.685  644.542  7501.159  7501.162  91973.000  39917.527  59917.766  1863892.500  -802.286  0.000 
 6.754  651.296  7504.929  7504.925  92848.000  40546.016  60687.320  1884539.875  -808.688  0.000 
 6.824  658.120  7508.718  7508.721  93642.000  41085.504  61304.785  1904122.250  -822.172  0.000 
 6.894  665.014  7512.526  7512.521  94637.000  41832.984  62356.164  1926694.500  -829.737  0.000 
 6.964  671.978  7516.353  7516.352  95499.000  42423.465  63241.457  1947696.750  -835.382  0.000 
 7.035  679.013  7520.199  7520.202  96415.000  43089.941  64259.660  1969834.000  -843.109  0.000 
 7.106  686.120  7524.064  7524.070  97275.000  43739.414  65210.777  1990648.125  -845.917  0.000 
 7.178  693.298  7527.949  7527.942  98284.000  44452.883  66145.805  2014389.250  -850.805  0.000 
 7.250  700.548  7531.852  7531.847  99204.000  45147.352  67087.750  2037104.375  -867.775  0.000 
 7.322  707.870  7535.774  7535.770  100063.000  45758.812  67845.602  2058735.375  -888.826  0.000 
 7.395  715.266  7539.716  7539.711  101030.000  46499.273  68937.375  2081906.500  -897.957  0.000 
 7.469  722.734  7543.676  7543.670  101947.000  47219.730  70031.055  2104127.500  -868.170  0.000 
 7.542  730.276  7547.656  7547.649  102903.000  47953.188  71174.648  2127435.250  -909.463  0.000 
 7.616  737.893  7551.654  7551.660  103697.000  48582.637  72061.156  2147632.250  -895.838  0.000 
 7.691  745.584  7555.672  7555.676  104723.000  49418.086  73146.570  2171779.000  -951.293  0.000 
 7.766  753.350  7559.709  7559.710  105539.000  50075.531  73804.906  2192384.000  -923.830  0.000 
 7.841  761.191  7563.765  7563.763  106569.000  50911.973  74809.148  2217331.750  -893.447  0.000 
 7.917  769.109  7567.839  7567.835  107435.000  51633.414  75749.305  2239114.500  -895.146  0.000 
 7.993  777.102  7571.933  7571.940  108415.000  52456.848  77181.375  2263256.000  -892.925  0.000 
 8.070  785.172  7576.046  7576.050  109516.000  53341.281  78714.359  2289790.750  -822.786  0.000 
 8.147  793.319  7580.178  7580.179  110344.000  54060.711  80083.250  2310957.500  -813.727  0.000 
 8.225  801.544  7584.329  7584.327  111352.000  54915.137  81684.062  2336001.000  -862.750  0.000 
 8.302  809.846  7588.499  7588.494  112232.000  55674.562  83040.781  2358837.500  -901.853  0.000 
 8.381  818.227  7592.688  7592.694  113496.000  56732.980  84772.414  2389004.000  -860.037  0.000 
 8.460  826.687  7596.896  7596.899  115441.000  58065.398  86801.961  2433416.500  -870.303  0.000 
 8.539  835.225  7601.124  7601.125  116270.000  58789.812  87832.414  2456227.750  -816.649  0.000 
 8.618  843.844  7605.370  7605.369  117331.000  59793.227  89421.789  2482028.250  -769.076  0.000 
 8.698  852.542  7609.635  7609.632  118290.000  60620.633  90769.070  2507297.500  -818.585  0.000 
 8.779  861.320  7613.919  7613.916  119259.000  61516.039  92310.266  2532196.750  -903.174  0.000 
 8.859  870.180  7618.223  7618.218  120403.000  62595.441  94092.375  2560167.000  -884.844  0.000 
 8.941  879.121  7622.545  7622.541  121205.000  63316.840  95042.398  2582691.250  -903.596  0.000 
 9.022  888.143  7626.887  7626.882  122259.000  64299.234  96369.336  2609432.500  -835.428  0.000 
 9.104  897.247  7631.248  7631.244  123263.000  65293.629  97866.180  2634919.500  -799.341  0.000 
 9.187  906.434  7635.627  7635.626  124318.000  66277.016  99476.945  2662586.750  -779.335  0.000 
 9.270  915.704  7640.026  7640.027  125214.000  67100.406  100920.617  2687459.750  -885.410  0.000 
 9.353  925.057  7644.443  7644.449  126311.000  68217.789  102915.203  2714886.750  -908.567  0.000 
 9.437  934.494  7648.880  7648.876  127337.000  69232.164  104637.703  2742033.750  -896.804  0.000 
 9.521  944.015  7653.336  7653.337  128187.000  70044.547  106013.109  2766293.750  -917.122  0.000 
 9.606  953.620  7657.811  7657.805  129260.000  71189.922  107792.438  2793366.500  -945.521  0.000 
 9.691  963.311  7662.305  7662.307  130098.000  72080.289  109070.672  2817289.500  -965.001  0.000 
 9.776  973.087  7666.817  7666.814  131140.000  73158.656  110577.820  2844578.250  -898.562  0.000 
 9.862  982.949  7671.350  7671.357  131874.000  74092.023  111867.883  2865497.000  -891.204  0.000 
 9.948  992.897  7675.900  7675.905  132347.000  74859.383  112927.859  2881125.750  -875.927  0.000 
 10.035  1002.932  7680.471  7680.474  127302.000  72804.742  111261.742  2777980.500  -977.731  0.000 
 10.122  1013.053  7685.060  7685.063  136997.000  78319.102  117817.547  2994839.000  -960.616  0.000 
 10.209  1023.263  7689.668  7689.673  137333.000  79112.453  119133.258  3007567.750  -1091.582  0.000 
 10.297  1033.560  7694.295  7694.290  137809.000  79805.797  120393.883  3024868.250  -1075.629  0.000 
 10.386  1043.945  7698.941  7698.941  138321.000  80788.148  122139.422  3040439.750  -1107.757  0.000 
 10.474  1054.420  7703.607  7703.613  136556.000  80264.492  123135.875  3009695.250  -1044.966  0.000 
 10.563  1064.983  7708.292  7708.292  141211.000  83491.828  126786.234  3116166.750  -1064.256  0.000 
 10.653  1075.636  7712.995  7712.991  141831.000  84440.164  128508.516  3135836.250  -1038.627  0.000 
 10.743  1086.379  7717.717  7717.711  142518.000  85499.500  130519.703  3156730.500  -1084.079  0.000 
 10.833  1097.213  7722.459  7722.452  142490.000  86254.836  132408.797  3159928.750  -1152.612  0.000 
 10.924  1108.137  7727.219  7727.214  148621.000  89999.156  137533.812  3306470.250  -1174.226  0.000 
 11.016  1119.153  7731.999  7731.998  148487.000  90740.484  138886.750  3308912.500  -1220.921  0.000 
 11.107  1130.260  7736.798  7736.803  149365.000  92056.805  141075.578  3333941.500  -1257.697  0.000 
 11.199  1141.459  7741.616  7741.614  150206.000  93162.125  142972.344  3360307.750  -1163.553  0.000 
 11.292  1152.751  7746.452  7746.447  151257.000  94549.438  145310.000  3389543.000  -1257.491  0.000 
 11.385  1164.136  7751.308  7751.301  152136.000  95661.750  147138.578  3416183.000  -1271.510  0.000 
 11.478  1175.614  7756.183  7756.177  153343.000  97205.062  149702.078  3448882.000  -1209.610  0.000 
 11.572  1187.186  7761.077  7761.075  154301.000  98411.367  151761.469  3477907.000  -1190.791  0.000 
 11.666  1198.852  7765.990  7765.994  155506.000  99913.672  154358.797  3511615.000  -1271.052  0.000 
 11.761  1210.613  7770.922  7770.919  156397.000  101146.969  156583.016  3539363.000  -1319.395  0.000 
 11.856  1222.468  7775.873  7775.867  157569.000  102729.266  159390.156  3571804.750  -1274.819  0.000 
 11.951  1234.419  7780.843  7780.837  158628.000  104045.562  161696.219  3603733.750  -1331.323  0.000 
 12.047  1246.466  7785.833  7785.828  159822.000  105678.852  164449.188  3636927.500  -1294.909  0.000 
 12.143  1258.610  7790.841  7790.842  160720.000  106925.141  166614.062  3665421.250  -1291.576  0.000 
 12.240  1270.850  7795.868  7795.862  161923.000  108519.422  169288.859  3700168.000  -1156.323  0.000 
 12.337  1283.187  7800.915  7800.920  162845.000  109851.703  171511.562  3729350.750  -1220.152  0.000 
 12.435  1295.621  7805.980  7805.985  164086.000  111590.984  174413.172  3763991.500  -1345.062  0.000 
 12.533  1308.154  7811.064  7811.057  165040.000  112951.258  176613.703  3794629.000  -1332.052  0.000 
 12.631  1320.785  7816.168  7816.167  166172.000  114636.531  179406.156  3827085.500  -1356.124  0.000 
 12.730  1333.514  7821.291  7821.284  167217.000  116068.797  181925.500  3859495.000  -1372.276  0.000 
 12.829  1346.343  7826.432  7826.438  168449.000  117877.070  185049.781  3895038.500  -1261.510  0.000 
 12.928  1359.271  7831.593  7831.600  169362.000  119230.328  187421.953  3924854.000  -1360.824  0.000 
 13.028  1372.300  7836.772  7836.770  171779.000  121857.586  191804.047  3988442.500  -1420.220  0.000 
 13.129  1385.429  7841.971  7841.977  173371.000  123745.844  195065.062  4034050.750  -1492.696  0.000 
 13.230  1398.659  7847.189  7847.192  174656.000  125710.102  198566.984  4070789.250  -1431.254  0.000 
 13.331  1411.990  7852.426  7852.430  175635.000  127180.352  201233.812  4102298.500  -1416.892  0.000 
 13.433  1425.422  7857.682  7857.675  176858.000  129080.594  204648.547  4138720.750  -1562.612  0.000 
 13.535  1438.957  7862.957  7862.959  177892.000  130602.844  207527.219  4172364.000  -1567.412  0.000 
 13.637  1452.595  7868.250  7868.250  178929.000  132493.078  211002.781  4204270.000  -1593.293  0.000 
 13.740  1466.335  7873.563  7873.565  180963.000  134706.328  214820.266  4263808.000  -1486.256  0.000 
 13.844  1480.179  7878.896  7878.903  181601.000  136237.562  217866.656  4286881.500  -1495.299  0.000 
 13.948  1494.126  7884.247  7884.249  182370.000  137769.781  220877.969  4314056.500  -1306.424  0.000 
 14.052  1508.178  7889.617  7889.618  183824.000  139875.016  224647.188  4356618.500  -1419.629  0.000 
 14.156  1522.334  7895.006  7895.011  184827.000  141621.250  227890.328  4389289.500  -1479.915  0.000 
 14.261  1536.596  7900.415  7900.412  186010.000  143531.469  231473.375  4426936.500  -1513.283  0.000 
 14.367  1550.963  7905.842  7905.836  186967.000  145278.688  234798.328  4459822.000  -1431.731  0.000 
 14.473  1565.435  7911.288  7911.284  188125.000  147215.906  238445.203  4497796.000  -1454.260  0.000 
 14.579  1580.014  7916.754  7916.755  189181.000  148991.109  241782.984  4532487.000  -1442.870  0.000 
 14.686  1594.700  7922.238  7922.235  190407.000  151181.328  245868.688  4571568.500  -1319.562  0.000 
 14.793  1609.493  7927.742  7927.739  191310.000  152811.531  249079.297  4604150.500  -1327.334  0.000 
 14.900  1624.393  7933.265  7933.267  192572.000  155018.734  253176.812  4643560.000  -1469.187  0.000 
 15.008  1639.402  7938.806  7938.804  193543.000  156774.938  256424.250  4678189.500  -1508.121  0.000 
 15.117  1654.518  7944.367  7944.364  196352.000  160410.141  262846.594  4754112.500  -1425.136  0.000 
 15.226  1669.744  7949.946  7949.949  197820.000  162582.328  266870.875  4800930.000  -1445.233  0.000 
 15.335  1685.079  7955.545  7955.542  199239.000  164952.516  271282.031  4846328.500  -1488.410  0.000 
 15.444  1700.523  7961.163  7961.159  200217.000  166926.719  274987.125  4880263.000  -1253.668  0.000 
 15.554  1716.078  7966.800  7966.801  201370.000  169113.891  279243.125  4919146.500  -1302.007  0.000 
 15.665  1731.743  7972.456  7972.452  202495.000  171275.078  283282.031  4957128.500  -1326.427  0.000 
 15.776  1747.518  7978.131  7978.127  203801.000  173654.266  287688.844  5000173.000  -1558.928  0.000 
 15.887  1763.405  7983.825  7983.827  204748.000  175695.438  291509.594  5033944.500  -1586.510  0.000 
 15.999  1779.404  7989.538  7989.536  205962.000  178008.609  296041.250  5075027.500  -1641.173  0.000 
 16.111  1795.515  7995.271  7995.270  206952.000  180058.781  300223.812  5110694.000  -1610.917  0.000 
 16.224  1811.739  8001.021  8001.028  208117.000  182425.953  304811.281  5150875.000  -1418.742  0.000 
 16.337  1828.075  8006.792  8006.796  209161.000  184753.109  309325.656  5187034.500  -1574.648  0.000 
 16.450  1844.525  8012.581  8012.588  210351.000  187092.266  313956.969  5228296.500  -1563.635  0.000 
 16.564  1861.089  8018.389  8018.390  211408.000  189417.422  318614.188  5265310.500  -1624.703  0.000 
 16.678  1877.767  8024.217  8024.217  212563.000  191937.578  323667.312  5308636.500  -1439.852  0.000 
 16.793  1894.559  8030.063  8030.070  213638.000  194332.734  328486.344  5346171.500  -1683.082  0.000 
 16.908  1911.467  8035.929  8035.931  214928.000  196950.891  333755.312  5389511.500  -1799.393  0.000 
 17.023  1928.490  8041.813  8041.818  216195.000  199525.031  338917.156  5433849.500  -1797.785  0.000 
 17.139  1945.629  8047.717  8047.715  219344.000  203915.172  347381.938  5524873.500  -1807.258  0.000 
 17.255  1962.885  8053.640  8053.637  220490.000  206501.312  352747.625  5565413.500  -1843.812  0.000 
 17.372  1980.257  8059.581  8059.584  221834.000  209352.453  358508.250  5611821.000  -1917.446  0.000 
 17.489  1997.746  8065.542  8065.542  222781.000  211777.578  363665.750  5647524.000  -1680.162  0.000 
 17.607  2015.353  8071.522  8071.525  223992.000  214519.703  369390.188  5690541.500  -1768.959  0.000 
 17.725  2033.078  8077.521  8077.518  225008.000  217062.844  374755.531  5729164.500  -1743.837  0.000 
 17.843  2050.921  8083.539  8083.537  226273.000  219905.953  380647.781  5774167.000  -1788.796  0.000 
 17.962  2068.883  8089.576  8089.581  227294.000  222469.078  385948.938  5812873.500  -1881.835  0.000 
 18.081  2086.964  8095.631  8095.636  228422.000  225274.203  391659.031  5854835.000  -1868.956  0.000 
 18.201  2105.165  8101.707  8101.701  229451.000  227971.312  397138.000  5893400.500  -1606.158  0.000 
 18.321  2123.486  8107.801  8107.808  230693.000  230983.422  403254.906  5938592.000  -1884.441  0.000 
 18.441  2141.927  8113.914  8113.909  231637.000  233666.531  408788.719  5976023.500  -1856.804  0.000 
 18.562  2160.490  8120.046  8120.053  232746.000  236607.641  414944.469  6017726.000  -1852.249  0.000 
 18.684  2179.173  8126.197  8126.190  233740.000  239283.734  420637.094  6056537.500  -2026.775  0.000 