SSRL   EXAFS Data Collector 4.0       
Mon Jan 16 16:45:11 2017              
PTS:        455 COLS:         10
lytle.det                             
Fe_xafs.rgn                           
73 unfocused  0.000 0 X 1.920170 20000                                        
5 1000 600 RST 0 0                    
                                                                              
                                                                              
                                                                              
                                                                              
                                                                              
                                                                              

Weights: 
 1.000  1.000  1.000  1.000  1.000  1.000  1.000  1.000  1.000  1.000 
Offsets: 
 0.000  0.000  0.000  0.000  0.000  7.400  209.000  4884.500  193.900  0.000 
Data: 
Real time clock   
Total time        
Requested Energy  
Achieved Energy   
I0                
I1                
I2                
Lytle             
                  
                  

 1.000  1.000  6880.000  6880.003  69592.000  24980.600  74962.000  -2461.500  -108.900  0.000 
 1.000  2.000  6890.000  6889.996  69590.000  25307.600  76278.000  -2438.500  -110.900  0.000 
 1.000  3.000  6900.000  6900.000  69588.000  25618.600  77549.000  -2451.500  -112.900  0.000 
 1.000  4.000  6910.000  6910.002  69535.000  25884.600  78700.000  -2419.500  -109.900  0.000 
 1.000  5.000  6920.000  6920.003  69391.000  26158.600  79941.000  -2390.500  -125.900  0.000 
 1.000  6.000  6930.000  6930.003  69398.000  26480.600  81247.000  -2382.500  -113.900  0.000 
 1.000  7.000  6940.000  6940.001  69429.000  26795.600  82586.000  -2357.500  -124.900  0.000 
 1.000  8.000  6950.000  6949.998  69323.000  27081.600  83834.000  -2357.500  -111.900  0.000 
 1.000  9.000  6960.000  6960.003  69363.000  27437.600  85315.000  -2349.500  -117.900  0.000 
 1.000  10.000  6970.000  6969.996  69293.000  27721.600  86593.000  -2337.500  -120.900  0.000 
 1.000  11.000  6980.000  6979.998  69069.000  27953.600  87713.000  -2325.500  -116.900  0.000 
 1.000  12.000  6990.000  6989.997  69348.000  28406.600  89517.000  -2293.500  -128.900  0.000 
 1.000  13.000  7000.000  7000.005  69338.000  28738.600  90941.000  -2282.500  -120.900  0.000 
 1.000  14.000  7010.000  7009.999  69252.000  29040.600  92297.000  -2255.500  -124.900  0.000 
 1.000  15.000  7020.000  7020.001  69206.000  29352.600  93715.000  -2217.500  -123.900  0.000 
 1.000  16.000  7030.000  7030.000  69192.000  29664.600  95120.000  -2198.500  -128.900  0.000 
 1.000  17.000  7040.000  7039.996  69119.000  29964.600  96496.000  -2179.500  -123.900  0.000 
 1.000  18.000  7050.000  7050.000  69060.000  30282.600  97920.000  -2151.500  -124.900  0.000 
 1.000  19.000  7060.000  7060.001  68898.000  30542.600  99166.000  -2122.500  -121.900  0.000 
 1.000  20.000  7070.000  7069.998  69148.000  30980.600  100974.000  -2052.500  -93.900  0.000 
 1.000  21.000  7080.000  7080.002  68990.000  31256.600  102237.000  -1990.500  -98.900  0.000 
 1.000  22.000  7090.000  7090.003  69202.000  31684.600  103828.000  -1887.500  -105.900  0.000 
 1.000  23.000  7090.352  7090.354  69221.000  31702.600  103891.000  -1892.500  -106.900  0.000 
 1.000  24.000  7090.704  7090.705  69180.000  31694.600  103871.000  -1891.500  -104.900  0.000 
 1.000  25.000  7091.056  7091.056  69162.000  31700.600  103899.000  -1883.500  -105.900  0.000 
 1.000  26.000  7091.408  7091.406  69159.000  31707.600  103943.000  -1878.500  -106.900  0.000 
 1.000  27.000  7091.760  7091.757  69150.000  31721.600  104003.000  -1867.500  -112.900  0.000 
 1.000  28.000  7092.112  7092.108  69157.000  31733.600  104038.000  -1866.500  -110.900  0.000 
 1.000  29.000  7092.464  7092.459  69169.000  31748.600  104092.000  -1863.500  -108.900  0.000 
 1.000  30.000  7092.816  7092.811  69215.000  31777.600  104184.000  -1857.500  -116.900  0.000 
 1.000  31.000  7093.168  7093.174  69190.000  31781.600  104206.000  -1852.500  -114.900  0.000 
 1.000  32.000  7093.520  7093.525  69183.000  31798.600  104258.000  -1849.500  -118.900  0.000 
 1.000  33.000  7093.872  7093.876  69157.000  31797.600  104250.000  -1840.500  -114.900  0.000 
 1.000  34.000  7094.224  7094.228  69197.000  31826.600  104342.000  -1831.500  -119.900  0.000 
 1.000  35.000  7094.576  7094.579  69127.000  31797.600  104244.000  -1833.500  -120.900  0.000 
 1.000  36.000  7094.928  7094.930  69127.000  31813.600  104293.000  -1829.500  -116.900  0.000 
 1.000  37.000  7095.280  7095.282  69068.000  31782.600  104191.000  -1834.500  -111.900  0.000 
 1.000  38.000  7095.632  7095.633  69090.000  31815.600  104297.000  -1820.500  -115.900  0.000 
 1.000  39.000  7095.984  7095.984  69061.000  31815.600  104282.000  -1811.500  -115.900  0.000 
 1.000  40.000  7096.336  7096.336  69083.000  31834.600  104337.000  -1803.500  -114.900  0.000 
 1.000  41.000  7096.688  7096.688  69061.000  31835.600  104332.000  -1788.500  -115.900  0.000 
 1.000  42.000  7097.040  7097.039  68969.000  31771.600  104123.000  -1791.500  -109.900  0.000 
 1.000  43.000  7097.392  7097.391  68972.000  31781.600  104156.000  -1786.500  -107.900  0.000 
 1.000  44.000  7097.744  7097.743  68965.000  31792.600  104188.000  -1777.500  -107.900  0.000 
 1.000  45.000  7098.096  7098.094  68972.000  31809.600  104230.000  -1775.500  -106.900  0.000 
 1.000  46.000  7098.448  7098.446  68949.000  31817.600  104241.000  -1766.500  -109.900  0.000 
 1.000  47.000  7098.800  7098.798  68964.000  31825.600  104261.000  -1761.500  -116.900  0.000 
 1.000  48.000  7099.152  7099.149  69046.000  31878.600  104421.000  -1759.500  -105.900  0.000 
 1.000  49.000  7099.504  7099.501  68992.000  31859.600  104346.000  -1760.500  -103.900  0.000 
 1.000  50.000  7099.856  7099.854  69009.000  31881.600  104391.000  -1755.500  -98.900  0.000 
 1.000  51.000  7100.208  7100.205  69028.000  31904.600  104452.000  -1750.500  -100.900  0.000 
 1.000  52.000  7100.560  7100.557  68968.000  31888.600  104382.000  -1738.500  -103.900  0.000 
 1.000  53.000  7100.912  7100.909  69023.000  31916.600  104457.000  -1724.500  -102.900  0.000 
 1.000  54.000  7101.264  7101.261  69014.000  31915.600  104428.000  -1719.500  -101.900  0.000 
 1.000  55.000  7101.616  7101.613  68941.000  31887.600  104312.000  -1711.500  -111.900  0.000 
 1.000  56.000  7101.968  7101.965  68965.000  31914.600  104363.000  -1703.500  -104.900  0.000 
 1.000  57.000  7102.320  7102.318  68925.000  31904.600  104299.000  -1698.500  -105.900  0.000 
 1.000  58.000  7102.672  7102.670  68949.000  31991.600  104500.000  -1682.500  -106.900  0.000 
 1.000  59.000  7103.024  7103.022  68907.000  32028.600  104563.000  -1669.500  -118.900  0.000 
 1.000  60.000  7103.376  7103.375  68937.000  32059.600  104619.000  -1657.500  -116.900  0.000 
 1.000  61.000  7103.728  7103.727  68917.000  32060.600  104578.000  -1652.500  -115.900  0.000 
 1.000  62.000  7104.080  7104.079  68953.000  32091.600  104628.000  -1637.500  -112.900  0.000 
 1.000  63.000  7104.432  7104.432  68930.000  32049.600  104447.000  -1631.500  -114.900  0.000 
 1.000  64.000  7104.784  7104.784  68845.000  32013.600  104280.000  -1618.500  -111.900  0.000 
 1.000  65.000  7105.136  7105.137  68872.000  32045.600  104318.000  -1614.500  -110.900  0.000 
 1.000  66.000  7105.488  7105.489  68863.000  32053.600  104262.000  -1598.500  -116.900  0.000 
 1.000  67.000  7105.840  7105.842  68860.000  32057.600  104190.000  -1577.500  -117.900  0.000 
 1.000  68.000  7106.192  7106.194  68839.000  32043.600  104055.000  -1562.500  -115.900  0.000 
 1.000  69.000  7106.544  7106.547  68829.000  32056.600  103985.000  -1550.500  -116.900  0.000 
 1.000  70.000  7106.896  7106.899  68819.000  32067.600  103887.000  -1548.500  -116.900  0.000 
 1.000  71.000  7107.248  7107.252  68865.000  32102.600  103851.000  -1515.500  -115.900  0.000 
 1.000  72.000  7107.600  7107.605  68810.000  32084.600  103628.000  -1499.500  -120.900  0.000 
 1.000  73.000  7107.952  7107.958  68844.000  32148.600  103617.000  -1481.500  -120.900  0.000 
 1.000  74.000  7108.304  7108.299  68861.000  32157.600  103438.000  -1461.500  -117.900  0.000 
 1.000  75.000  7108.656  7108.651  68833.000  32146.600  103138.000  -1425.500  -115.900  0.000 
 1.000  76.000  7109.008  7109.004  68781.000  32138.600  102786.000  -1406.500  -114.900  0.000 
 1.000  77.000  7109.360  7109.357  68815.000  32169.600  102484.000  -1373.500  -117.900  0.000 
 1.000  78.000  7109.712  7109.710  68755.000  32155.600  101937.000  -1343.500  -114.900  0.000 
 1.000  79.000  7110.064  7110.063  68777.000  32161.600  101275.000  -1290.500  -113.900  0.000 
 1.000  80.000  7110.416  7110.417  68695.000  32104.600  100178.000  -1249.500  -124.900  0.000 
 1.000  81.000  7110.768  7110.770  68745.000  32137.600  98874.000  -1163.500  -127.900  0.000 
 1.000  82.000  7111.120  7111.123  68741.000  32140.600  96662.000  -1053.500  -121.900  0.000 
 1.000  83.000  7111.472  7111.476  68710.000  32145.600  93058.000  -879.500  -128.900  0.000 
 1.000  84.000  7111.824  7111.829  68650.000  32115.600  87999.000  -674.500  -130.900  0.000 
 1.000  85.000  7112.176  7112.170  68664.000  32135.600  82969.000  -482.500  -128.900  0.000 
 1.000  86.000  7112.528  7112.524  68594.000  32107.600  78511.000  -267.500  -123.900  0.000 
 1.000  87.000  7112.880  7112.877  68543.000  32080.600  75197.000  10.500  -122.900  0.000 
 1.000  88.000  7113.232  7113.230  68503.000  32053.600  72680.000  399.500  -117.900  0.000 
 1.000  89.000  7113.584  7113.584  68470.000  32105.600  70741.000  769.500  -118.900  0.000 
 1.000  90.000  7113.936  7113.938  68474.000  32138.600  68993.000  913.500  -125.900  0.000 
 1.000  91.000  7114.288  7114.291  68472.000  32152.600  67365.000  901.500  -119.900  0.000 
 1.000  92.000  7114.640  7114.645  68530.000  32186.600  65911.000  968.500  -126.900  0.000 
 1.000  93.000  7114.992  7114.998  68500.000  32180.600  64644.000  1136.500  -122.900  0.000 
 1.000  94.000  7115.344  7115.339  68479.000  32180.600  63716.000  1197.500  -122.900  0.000 
 1.000  95.000  7115.696  7115.693  68460.000  32130.600  62961.000  1073.500  -121.900  0.000 
 1.000  96.000  7116.048  7116.047  68427.000  32137.600  62533.000  905.500  -123.900  0.000 
 1.000  97.000  7116.400  7116.401  68391.000  32147.600  62258.000  822.500  -124.900  0.000 
 1.000  98.000  7116.752  7116.754  68397.000  32162.600  62045.000  861.500  -121.900  0.000 
 1.000  99.000  7117.104  7117.108  68386.000  32169.600  61748.000  949.500  -119.900  0.000 
 1.000  100.000  7117.456  7117.450  68419.000  32198.600  61290.000  1082.500  -113.900  0.000 
 1.000  101.000  7117.808  7117.804  68452.000  32208.600  60412.000  1250.500  -123.900  0.000 
 1.000  102.000  7118.160  7118.158  68392.000  32179.600  58994.000  1443.500  -124.900  0.000 
 1.000  103.000  7118.512  7118.512  68405.000  32186.600  57263.000  1673.500  -114.900  0.000 
 1.000  104.000  7118.864  7118.866  68372.000  32163.600  55269.000  1946.500  -118.900  0.000 
 1.000  105.000  7119.216  7119.220  68361.000  32190.600  53299.000  2254.500  -124.900  0.000 
 1.000  106.000  7119.568  7119.574  68371.000  32187.600  51312.000  2619.500  -119.900  0.000 
 1.000  107.000  7119.920  7119.916  68337.000  32166.600  49410.000  3024.500  -116.900  0.000 
 1.000  108.000  7120.272  7120.270  68350.000  32157.600  47460.000  3553.500  -110.900  0.000 
 1.000  109.000  7120.624  7120.625  68337.000  32134.600  45509.000  4192.500  -124.900  0.000 
 1.000  110.000  7120.976  7120.979  68264.000  32063.600  43517.000  4970.500  -120.900  0.000 
 1.000  111.000  7121.328  7121.333  68245.000  32007.600  41639.000  5855.500  -118.900  0.000 
 1.000  112.000  7121.680  7121.675  68227.000  31963.600  39993.000  6793.500  -128.900  0.000 
 1.000  113.000  7122.032  7122.029  68271.000  31944.600  38500.000  7789.500  -131.900  0.000 
 1.000  114.000  7122.384  7122.384  68250.000  31887.600  37159.000  8856.500  -114.900  0.000 
 1.000  115.000  7122.736  7122.738  68216.000  31815.600  35943.000  10077.500  -129.900  0.000 
 1.000  116.000  7123.088  7123.093  68187.000  31742.600  34871.000  11522.500  -120.900  0.000 
 1.000  117.000  7123.440  7123.435  68148.000  31630.600  33893.000  13263.500  -121.900  0.000 
 1.000  118.000  7123.792  7123.790  68133.000  31500.600  32959.000  15413.500  -113.900  0.000 
 1.000  119.000  7124.144  7124.145  68119.000  31370.600  32108.000  17826.500  -116.900  0.000 
 1.000  120.000  7124.496  7124.499  68166.000  31253.600  31343.000  20394.500  -108.900  0.000 
 1.000  121.000  7124.848  7124.854  68193.000  31139.600  30641.000  22898.500  -115.900  0.000 
 1.000  122.000  7125.200  7125.196  68105.000  30984.600  29969.000  25100.500  -113.900  0.000 
 1.000  123.000  7125.552  7125.551  68110.000  30887.600  29367.000  27209.500  -113.900  0.000 
 1.000  124.000  7125.904  7125.906  68125.000  30793.600  28782.000  29291.500  -118.900  0.000 
 1.000  125.000  7126.256  7126.261  68096.000  30673.600  28193.000  31410.500  -129.900  0.000 
 1.000  126.000  7126.608  7126.604  68074.000  30555.600  27627.000  33599.500  -120.900  0.000 
 1.000  127.000  7126.960  7126.958  68037.000  30420.600  27015.000  36248.500  -121.900  0.000 
 1.000  128.000  7127.312  7127.313  68037.000  30272.600  26399.000  39246.500  -121.900  0.000 
 1.000  129.000  7127.664  7127.668  67974.000  30058.600  25716.000  42561.500  -125.900  0.000 
 1.000  130.000  7128.016  7128.011  67928.000  29870.600  25058.000  45938.500  -127.900  0.000 
 1.000  131.000  7128.368  7128.366  67896.000  29688.600  24367.000  49325.500  -130.900  0.000 
 1.000  132.000  7128.720  7128.722  67930.000  29572.600  23712.000  52344.500  -124.900  0.000 
 1.000  133.000  7129.072  7129.077  67863.000  29403.600  23024.000  54784.500  -123.900  0.000 
 1.000  134.000  7129.424  7129.420  67851.000  29299.600  22411.000  56720.500  -123.900  0.000 
 1.000  135.000  7129.776  7129.775  67797.000  29189.600  21808.000  58300.500  -112.900  0.000 
 1.000  136.000  7130.128  7130.130  67779.000  29120.600  21284.000  59588.500  -114.900  0.000 
 1.000  137.000  7130.480  7130.486  67766.000  29071.600  20836.000  60644.500  -106.900  0.000 
 1.000  138.000  7130.832  7130.829  67790.000  29030.600  20486.000  61650.500  -121.900  0.000 
 1.000  139.000  7131.184  7131.184  67698.000  28939.600  20196.000  62632.500  -118.900  0.000 
 1.000  140.000  7131.536  7131.540  67719.000  28898.600  20056.000  63842.500  -112.900  0.000 
 1.000  141.000  7131.888  7131.883  67621.000  28797.600  20006.000  65034.500  -111.900  0.000 
 1.000  142.000  7132.240  7132.238  67581.000  28720.600  20092.000  66322.500  -124.900  0.000 
 1.000  143.000  7132.592  7132.594  67577.000  28654.600  20287.000  67460.500  -127.900  0.000 
 1.000  144.000  7132.944  7132.950  67608.000  28635.600  20584.000  68181.500  -124.900  0.000 
 1.000  145.000  7133.296  7133.293  67677.000  28662.600  20953.000  68473.500  -119.900  0.000 
 1.000  146.000  7133.648  7133.648  67622.000  28658.600  21337.000  68248.500  -116.900  0.000 
 1.000  147.000  7134.000  7134.004  67641.000  28710.600  21772.000  67833.500  -119.900  0.000 
 1.000  148.000  7134.352  7134.348  67611.000  28771.600  22204.000  67210.500  -117.900  0.000 
 1.000  149.000  7134.704  7134.704  67576.000  28795.600  22600.000  66473.500  -126.900  0.000 
 1.000  150.000  7135.056  7135.060  67563.000  28839.600  22971.000  65692.500  -119.900  0.000 
 1.000  151.000  7135.408  7135.403  67556.000  28897.600  23307.000  64842.500  -112.900  0.000 
 1.000  152.000  7135.760  7135.759  67552.000  28959.600  23598.000  63877.500  -111.900  0.000 
 1.000  153.000  7136.112  7136.115  67626.000  29053.600  23866.000  62994.500  -106.900  0.000 
 1.000  154.000  7136.464  7136.459  67828.000  29203.600  24174.000  62269.500  -117.900  0.000 
 1.000  155.000  7136.816  7136.815  67964.000  29319.600  24390.000  61509.500  -116.900  0.000 
 1.000  156.000  7137.168  7137.171  68170.000  29477.600  24577.000  60923.500  -123.900  0.000 
 1.000  157.000  7137.520  7137.515  68246.000  29568.600  24683.000  60244.500  -126.900  0.000 
 1.000  158.000  7137.872  7137.871  68265.000  29627.600  24724.000  59579.500  -130.900  0.000 
 1.000  159.000  7138.224  7138.227  68365.000  29796.600  24801.000  59015.500  -117.900  0.000 
 1.000  160.000  7138.576  7138.571  68303.000  29765.600  24699.000  58344.500  -126.900  0.000 
 1.000  161.000  7138.928  7138.928  68318.000  29811.600  24625.000  57724.500  -124.900  0.000 
 1.000  162.000  7139.280  7139.284  68274.000  29822.600  24509.000  57072.500  -126.900  0.000 
 1.000  163.000  7139.632  7139.628  68267.000  29879.600  24415.000  56491.500  -122.900  0.000 
 1.000  164.000  7139.999  7139.997  68230.000  29908.600  24297.000  55878.500  -116.900  0.000 
 1.000  165.000  7140.625  7140.624  68279.000  30024.598  24152.957  54928.480  -117.940  0.000 
 1.001  166.001  7141.271  7141.275  68377.000  30137.594  24064.826  54098.422  -115.062  0.000 
 1.002  167.003  7141.937  7141.939  68385.000  30209.586  24044.607  53169.320  -119.264  0.000 
 1.003  168.006  7142.620  7142.616  68532.000  30348.576  24167.301  52358.180  -121.548  0.000 
 1.005  169.011  7143.323  7143.329  68613.000  30435.561  24338.908  51524.000  -121.912  0.000 
 1.008  170.019  7144.045  7144.043  68761.000  30554.545  24567.430  50982.781  -118.358  0.000 
 1.010  171.029  7144.786  7144.781  69012.000  30714.523  24806.861  50695.520  -128.884  0.000 
 1.013  172.043  7145.546  7145.544  69235.000  30872.502  24959.207  50640.219  -124.491  0.000 
 1.017  173.060  7146.326  7146.320  69486.000  31011.475  24964.465  50694.879  -124.180  0.000 
 1.021  174.080  7147.124  7147.121  69641.000  31058.445  24759.635  50521.500  -131.949  0.000 
 1.025  175.106  7147.941  7147.946  70019.000  31292.412  24556.719  50168.078  -116.799  0.000 
 1.030  176.136  7148.777  7148.772  70392.000  31605.377  24363.715  49404.617  -128.731  0.000 
 1.035  177.171  7149.632  7149.635  70680.000  31835.338  24143.623  48259.117  -133.743  0.000 
 1.041  178.212  7150.507  7150.510  71134.000  32160.297  24106.445  47124.578  -113.836  0.000 
 1.047  179.259  7151.400  7151.398  71564.000  32493.252  24178.180  45955.996  -119.011  0.000 
 1.053  180.312  7152.313  7152.312  71951.000  32779.203  24270.826  44817.375  -127.266  0.000 
 1.060  181.373  7153.245  7153.249  72392.000  33052.152  24375.387  43811.715  -121.602  0.000 
 1.068  182.440  7154.195  7154.200  72944.000  33406.098  24583.859  43143.016  -121.019  0.000 
 1.075  183.516  7155.165  7155.163  73399.000  33684.043  24839.244  42508.273  -126.517  0.000 
 1.084  184.599  7156.153  7156.151  73959.000  34026.980  25215.543  42113.492  -132.097  0.000 
 1.092  185.691  7157.161  7157.164  74478.000  34302.918  25578.752  41829.672  -130.757  0.000 
 1.101  186.792  7158.188  7158.190  75170.000  34691.852  25989.875  41711.812  -123.498  0.000 
 1.110  187.903  7159.234  7159.229  75793.000  35039.781  26313.912  41663.910  -128.320  0.000 
 1.120  189.023  7160.299  7160.305  76467.000  35407.711  26612.861  41825.969  -125.223  0.000 
 1.131  190.154  7161.383  7161.381  77235.000  35906.633  26995.723  42126.988  -132.207  0.000 
 1.141  191.295  7162.486  7162.482  77914.000  36253.555  27329.496  42582.969  -136.272  0.000 
 1.152  192.447  7163.607  7163.609  78593.000  36580.473  27728.184  43265.906  -134.418  0.000 
 1.164  193.611  7164.749  7164.749  79404.000  36968.387  28175.783  44276.805  -138.645  0.000 
 1.176  194.787  7165.909  7165.913  80243.000  37377.301  28633.295  45538.664  -138.953  0.000 
 1.188  195.974  7167.088  7167.090  81001.000  37664.211  28961.719  46984.484  -136.342  0.000 
 1.201  197.175  7168.286  7168.281  81758.000  38005.113  29306.057  48582.262  -135.812  0.000 
 1.214  198.389  7169.503  7169.509  82693.000  38419.020  29710.307  50450.000  -146.363  0.000 
 1.227  199.616  7170.740  7170.737  83618.000  38902.918  30190.471  52289.699  -147.995  0.000 
 1.241  200.858  7171.996  7171.991  84472.000  39253.812  30679.547  54099.359  -139.708  0.000 
 1.256  202.114  7173.270  7173.270  85501.000  39748.707  31392.535  56031.977  -147.502  0.000 
 1.271  203.384  7174.563  7174.562  86484.000  40172.598  32163.436  58007.555  -151.377  0.000 
 1.286  204.670  7175.876  7175.879  87435.000  40561.484  32996.250  60116.094  -143.333  0.000 
 1.302  205.972  7177.208  7177.209  88444.000  41001.367  33944.977  61999.594  -143.370  0.000 
 1.318  207.289  7178.558  7178.553  89543.000  41559.250  34943.617  63471.051  -155.488  0.000 
 1.334  208.623  7179.928  7179.934  90768.000  42167.129  35848.168  64995.473  -143.687  0.000 
 1.351  209.974  7181.316  7181.316  91910.000  42787.004  36522.633  66391.852  -144.966  0.000 
 1.368  211.343  7182.724  7182.723  93016.000  43305.875  36916.012  67608.188  -149.327  0.000 
 1.386  212.729  7184.151  7184.156  94193.000  43905.742  37252.301  68769.484  -154.769  0.000 
 1.404  214.133  7185.597  7185.602  95448.000  44534.609  37473.504  69817.742  -158.292  0.000 
 1.423  215.556  7187.062  7187.061  96705.000  45182.473  37505.617  70786.961  -164.896  0.000 
 1.442  216.998  7188.546  7188.546  97852.000  45761.332  37364.648  71653.141  -173.580  0.000 
 1.461  218.459  7190.049  7190.044  99180.000  46564.188  37338.590  72603.281  -181.346  0.000 
 1.481  219.940  7191.571  7191.567  100458.000  47153.039  37101.441  73560.375  -172.193  0.000 
 1.501  221.442  7193.112  7193.117  101834.000  47916.891  36982.207  74521.438  -173.120  0.000 
 1.522  222.964  7194.672  7194.667  103115.000  48602.738  37078.887  75324.453  -164.129  0.000 
 1.543  224.507  7196.252  7196.255  104305.000  49237.582  37599.480  75997.430  -168.219  0.000 
 1.565  226.072  7197.850  7197.845  105020.000  49772.422  38473.984  76208.367  -182.389  0.000 
 1.587  227.658  7199.467  7199.472  107028.000  50803.258  39975.402  77400.266  -184.641  0.000 
 1.609  229.267  7201.104  7201.101  107500.000  51226.094  41271.730  76961.125  -208.974  0.000 
 1.632  230.899  7202.759  7202.755  102771.000  48514.926  40624.973  72518.945  -200.387  0.000 
 1.655  232.554  7204.434  7204.435  113772.000  54373.754  45942.129  80098.727  -212.882  0.000 
 1.678  234.232  7206.127  7206.129  114857.000  55053.578  47726.199  80065.461  -210.457  0.000 
 1.702  235.935  7207.840  7207.836  116245.000  55838.402  49155.180  80210.156  -215.114  0.000 
 1.727  237.662  7209.571  7209.569  117705.000  56688.223  49796.070  80468.820  -220.851  0.000 
 1.752  239.414  7211.322  7211.328  119209.000  57570.035  49302.879  80771.438  -214.670  0.000 
 1.777  241.191  7213.092  7213.088  120866.000  58535.852  47830.598  81305.016  -182.569  0.000 
 1.803  242.993  7214.881  7214.875  122514.000  59451.660  45762.230  81891.547  -205.550  0.000 
 1.829  244.822  7216.688  7216.687  124290.000  60463.465  43883.773  82742.047  -216.611  0.000 
 1.855  246.678  7218.516  7218.513  126221.000  61635.270  42671.230  83944.508  -213.754  0.000 
 1.882  248.560  7220.361  7220.366  127806.000  62447.070  42053.602  85085.922  -231.977  0.000 
 1.910  250.469  7222.227  7222.231  129696.000  63491.867  42572.883  86638.297  -238.282  0.000 
 1.937  252.407  7224.110  7224.111  131437.000  64418.664  44097.078  88184.641  -220.667  0.000 
 1.966  254.373  7226.014  7226.018  133349.000  65486.453  46596.188  89783.938  -228.133  0.000 
 1.994  256.367  7227.936  7227.938  135305.000  66518.242  49659.207  91330.195  -242.681  0.000 
 2.023  258.390  7229.877  7229.871  137221.000  67731.031  53173.141  92738.414  -240.309  0.000 
 2.053  260.443  7231.837  7231.831  139136.000  68776.812  56775.984  94068.586  -236.018  0.000 
 2.083  262.525  7233.816  7233.818  141116.000  69910.586  60371.746  95450.727  -245.809  0.000 
 2.113  264.638  7235.815  7235.818  143267.000  71066.367  63504.414  96955.820  -254.680  0.000 
 2.144  266.782  7237.832  7237.833  145302.000  72226.141  65831.000  98432.883  -235.632  0.000 
 2.175  268.956  7239.869  7239.874  147341.000  73380.906  67300.500  99985.898  -237.666  0.000 
 2.206  271.163  7241.924  7241.929  149414.000  74559.672  67971.906  101636.875  -225.780  0.000 
 2.238  273.401  7243.999  7243.998  151560.000  75768.438  68065.227  103456.812  -268.975  0.000 
 2.271  275.671  7246.092  7246.094  153606.000  76904.195  67814.461  105299.711  -255.251  0.000 
 2.303  277.974  7248.205  7248.204  155894.000  78302.953  67977.609  107426.562  -287.608  0.000 
 2.336  280.311  7250.336  7250.340  157968.000  79485.711  68549.672  109426.383  -267.047  0.000 
 2.370  282.681  7252.487  7252.491  160260.000  80752.461  69916.648  111633.164  -269.566  0.000 
 2.404  285.085  7254.657  7254.656  162490.000  81990.211  71725.531  113895.898  -255.166  0.000 
 2.439  287.524  7256.846  7256.848  164927.000  83399.953  73570.328  116324.594  -266.847  0.000 
 2.473  289.997  7259.054  7259.054  167046.000  84654.695  74609.039  118542.250  -275.609  0.000 
 2.509  292.506  7261.281  7261.275  169615.000  86303.438  75320.664  120964.867  -287.452  0.000 
 2.544  295.051  7263.527  7263.522  171862.000  87399.172  75453.203  123143.445  -296.376  0.000 
 2.581  297.631  7265.792  7265.797  174224.000  88847.906  76046.648  125250.984  -313.381  0.000 
 2.617  300.248  7268.076  7268.073  176686.000  90287.633  76648.016  127355.477  -302.467  0.000 
 2.654  302.902  7270.379  7270.377  179140.000  91799.359  76869.289  129279.938  -305.634  0.000 
 2.692  305.594  7272.701  7272.708  181568.000  93201.086  76503.477  131182.359  -313.882  0.000 
 2.729  308.323  7275.042  7275.040  184087.000  94742.805  76468.578  132947.734  -327.211  0.000 
 2.768  311.091  7277.403  7277.400  186675.000  96512.523  77213.586  134826.062  -325.621  0.000 
 2.806  313.897  7279.782  7279.787  189144.000  97807.234  77727.516  136618.359  -336.112  0.000 
 2.845  316.742  7282.181  7282.176  191615.000  99410.945  78128.352  138399.625  -293.684  0.000 
 2.885  319.627  7284.598  7284.592  194358.000  101031.656  78331.102  140269.828  -316.337  0.000 
 2.925  322.551  7287.035  7287.037  197048.000  102748.359  78670.766  142038.016  -325.071  0.000 
 2.965  325.516  7289.490  7289.495  199600.000  104361.062  79587.344  143528.156  -305.886  0.000 
 3.006  328.522  7291.965  7291.969  202263.000  106117.758  81983.836  145054.250  -339.782  0.000 
 3.047  331.569  7294.458  7294.457  205058.000  107865.453  85832.234  146600.297  -356.759  0.000 
 3.088  334.657  7296.971  7296.973  207933.000  109759.148  90583.547  148200.312  -337.817  0.000 
 3.130  337.787  7299.503  7299.503  210621.000  111464.836  95231.781  149629.297  -353.955  0.000 
 3.173  340.960  7302.054  7302.049  213279.000  113239.523  99504.914  150994.234  -346.175  0.000 
 3.215  344.175  7304.624  7304.623  216112.000  115057.203  103310.969  152632.125  -377.476  0.000 
 3.259  347.434  7307.212  7307.211  218786.000  116713.883  106337.938  154287.984  -397.858  0.000 
 3.302  350.736  7309.820  7309.815  221721.000  118608.562  108937.812  156199.797  -375.321  0.000 
 3.346  354.083  7312.447  7312.446  224902.000  120904.234  111090.602  158407.578  -391.864  0.000 
 3.391  357.473  7315.093  7315.093  227603.000  122641.906  112613.312  160405.312  -397.489  0.000 
 3.436  360.909  7317.758  7317.755  230611.000  124329.578  114324.922  162827.000  -395.195  0.000 
 3.481  364.390  7320.442  7320.445  235078.000  127234.242  117173.453  166289.656  -406.981  0.000 
 3.527  367.917  7323.146  7323.150  239133.000  129737.898  119669.898  169625.281  -406.849  0.000 
 3.573  371.490  7325.868  7325.871  241814.000  131664.562  121551.250  171856.859  -392.798  0.000 
 3.620  375.110  7328.609  7328.606  245140.000  133839.219  123653.516  174654.391  -388.827  0.000 
 3.667  378.776  7331.370  7331.371  248503.000  136078.875  126167.695  177439.891  -394.938  0.000 
 3.714  382.490  7334.149  7334.150  251226.000  137797.516  128836.789  179681.344  -416.130  0.000 
 3.762  386.252  7336.948  7336.945  254487.000  139916.156  131935.797  182231.766  -409.402  0.000 
 3.810  390.062  7339.765  7339.769  257815.000  142375.812  134674.719  184865.141  -420.756  0.000 
 3.859  393.920  7342.602  7342.607  260793.000  144220.453  135736.547  187199.469  -418.190  0.000 
 3.908  397.828  7345.457  7345.462  264136.000  146500.078  135841.281  189785.766  -406.706  0.000 
 3.957  401.785  7348.332  7348.333  267520.000  149220.719  135473.938  192302.016  -430.302  0.000 
 4.007  405.792  7351.226  7351.231  270597.000  151028.344  134408.516  194761.234  -476.980  0.000 
 4.057  409.850  7354.138  7354.133  274000.000  153450.969  134091.000  197338.406  -480.738  0.000 
 4.108  413.958  7357.070  7357.076  277365.000  155780.594  134000.391  199962.547  -488.578  0.000 
 4.159  418.117  7360.021  7360.022  280974.000  158248.219  134212.703  202814.641  -497.498  0.000 
 4.211  422.328  7362.991  7362.984  284422.000  161097.844  135203.922  205415.703  -489.500  0.000 
 4.263  426.591  7365.980  7365.976  287485.000  162846.453  136025.047  207989.719  -504.582  0.000 
 4.315  430.907  7368.988  7368.982  291054.000  165442.062  138614.094  210925.688  -507.746  0.000 
 4.368  435.275  7372.015  7372.019  294221.000  167634.672  142333.047  213620.625  -521.990  0.000 
 4.421  439.696  7375.061  7375.057  297921.000  170201.281  148063.922  216804.516  -518.315  0.000 
 4.475  444.171  7378.126  7378.125  301168.000  172745.891  155644.703  219584.375  -501.722  0.000 
 4.529  448.701  7381.210  7381.210  304984.000  175450.484  164577.406  222829.188  -559.209  0.000 
 4.584  453.284  7384.313  7384.310  308117.000  177743.078  172344.016  225582.969  -552.777  0.000 
 4.639  457.923  7387.436  7387.440  311073.000  179896.672  177466.531  228042.703  -580.427  0.000 
 4.694  462.617  7390.577  7390.573  315534.000  183308.266  181167.969  231835.391  -586.157  0.000 
 4.750  467.366  7393.737  7393.735  319366.000  186050.859  182883.312  234906.047  -593.968  0.000 
 4.806  472.172  7396.917  7396.914  322753.000  188491.438  184094.578  237503.672  -587.861  0.000 
 4.862  477.035  7400.116  7400.109  326441.000  191189.016  186247.750  240358.250  -602.834  0.000 
 4.919  481.954  7403.333  7403.333  330216.000  194214.594  189373.828  243051.781  -612.888  0.000 
 4.977  486.931  7406.570  7406.575  333652.000  196841.172  192166.828  245411.266  -586.023  0.000 
 5.035  491.966  7409.825  7409.819  336171.000  199033.750  194291.734  247225.734  -643.239  0.000 
 5.093  497.059  7413.100  7413.094  339087.000  201057.312  196212.562  248889.141  -655.537  0.000 
 5.152  502.211  7416.394  7416.398  345813.000  206141.875  201015.297  254091.516  -604.915  0.000 
 5.211  507.421  7419.707  7419.706  349212.000  208792.438  204144.938  256236.859  -580.374  0.000 
 5.270  512.692  7423.039  7423.044  352944.000  211619.000  208171.500  258804.141  -601.914  0.000 
 5.330  518.022  7426.389  7426.385  357053.000  214813.562  213136.984  261820.406  -580.535  0.000 
 5.391  523.413  7429.759  7429.756  360495.000  217640.109  217076.359  264287.625  -640.237  0.000 
 5.451  528.864  7433.148  7433.145  364577.000  220803.656  220298.656  267425.781  -619.020  0.000 
 5.513  534.377  7436.556  7436.550  368500.000  223732.203  222725.875  270598.938  -641.884  0.000 
 5.574  539.951  7439.983  7439.986  372527.000  226938.750  224484.000  273832.031  -710.829  0.000 
 5.636  545.587  7443.430  7443.425  376302.000  230102.297  225282.031  276932.062  -662.855  0.000 
 5.699  551.286  7446.895  7446.895  380353.000  233270.828  225705.984  280316.094  -656.962  0.000 
 5.761  557.047  7450.379  7450.381  383951.000  236168.359  227191.844  283477.062  -616.150  0.000 
 5.825  562.872  7453.882  7453.886  388171.000  239514.891  229321.625  286963.000  -658.419  0.000 
 5.888  568.760  7457.405  7457.407  392255.000  243031.422  232906.312  290495.906  -669.769  0.000 
 5.953  574.713  7460.946  7460.945  396274.000  246413.953  236882.922  293919.750  -641.200  0.000 
 6.017  580.730  7464.506  7464.501  400441.000  249738.469  241590.438  297610.562  -660.712  0.000 
 6.082  586.812  7468.086  7468.088  404178.000  252620.000  246862.859  300984.344  -688.305  0.000 
 6.147  592.959  7471.685  7471.679  408399.000  256150.516  253563.203  304676.062  -678.979  0.000 
 6.213  599.172  7475.302  7475.301  412335.000  259581.016  260288.453  308139.750  -722.734  0.000 
 6.279  605.452  7478.939  7478.940  416647.000  263227.531  266590.625  311955.406  -705.570  0.000 
 6.346  611.798  7482.594  7482.597  422309.000  267850.031  273598.688  316843.031  -748.487  0.000 
 6.413  618.211  7486.269  7486.272  428999.000  272659.531  281514.688  322497.594  -699.484  0.000 
 6.480  624.691  7489.963  7489.964  433805.000  276873.031  289134.594  326605.156  -734.563  0.000 
 6.548  631.240  7493.676  7493.674  438202.000  280628.531  295766.406  330251.625  -729.723  0.000 
 6.617  637.856  7497.408  7497.402  442191.000  284195.031  300864.125  333601.094  -756.964  0.000 
 6.685  644.542  7501.159  7501.162  446786.000  288357.531  305142.781  337454.500  -815.286  0.000 
 6.754  651.296  7504.929  7504.925  451190.000  292184.031  308540.312  341115.875  -815.688  0.000 
 6.824  658.120  7508.718  7508.721  455519.000  295520.500  311761.781  344685.219  -850.172  0.000 
 6.894  665.014  7512.526  7512.521  460210.000  300220.000  317034.156  348526.500  -834.737  0.000 
 6.964  671.978  7516.353  7516.352  464216.000  303532.469  321614.469  351960.750  -831.382  0.000 
 7.035  679.013  7520.199  7520.202  469014.000  307889.938  327253.656  356022.969  -889.109  0.000 
 7.106  686.120  7524.064  7524.070  473192.000  311789.406  332085.781  359661.156  -762.917  0.000 
 7.178  693.298  7527.949  7527.942  477778.000  316028.875  336800.812  363611.281  -780.805  0.000 
 7.250  700.548  7531.852  7531.847  482542.000  320440.344  341399.750  367831.375  -775.775  0.000 
 7.322  707.870  7535.774  7535.770  486628.000  323628.812  345162.594  371564.438  -800.826  0.000 
 7.395  715.266  7539.716  7539.711  491383.000  328322.281  351040.375  375713.438  -845.957  0.000 
 7.469  722.734  7543.676  7543.670  495749.000  332291.719  356580.062  379554.406  -859.170  0.000 
 7.542  730.276  7547.656  7547.649  500390.000  336698.188  362491.656  383576.344  -910.463  0.000 
 7.616  737.893  7551.654  7551.660  504896.000  341073.625  367839.156  387504.250  -927.838  0.000 
 7.691  745.584  7555.672  7555.676  509623.000  345573.094  372218.562  391567.094  -871.293  0.000 
 7.766  753.350  7559.709  7559.710  513494.000  349164.531  374922.906  394955.906  -919.830  0.000 
 7.841  761.191  7563.765  7563.763  518678.000  354712.969  379875.156  399430.688  -935.447  0.000 
 7.917  769.109  7567.839  7567.835  522978.000  358519.406  384319.312  402908.406  -945.146  0.000 
 7.993  777.102  7571.933  7571.940  527821.000  363043.844  391192.375  406997.125  -899.925  0.000 
 8.070  785.172  7576.046  7576.050  532517.000  368385.281  400016.344  410939.750  -942.786  0.000 
 8.147  793.319  7580.178  7580.179  536700.000  371675.719  407748.250  414740.375  -1005.727  0.000 
 8.225  801.544  7584.329  7584.327  542075.000  377458.125  417954.062  419280.938  -895.750  0.000 
 8.302  809.846  7588.499  7588.494  546171.000  381322.562  425320.781  423079.469  -903.853  0.000 
 8.381  818.227  7592.688  7592.694  551027.000  386722.969  433224.406  427266.969  -1010.037  0.000 
 8.460  826.687  7596.896  7596.899  555652.000  391501.406  439644.969  431554.438  -1012.303  0.000 
 8.539  835.225  7601.124  7601.125  559510.000  394847.812  444305.406  435182.844  -1000.649  0.000 
 8.618  843.844  7605.370  7605.369  564766.000  400926.219  452267.781  440029.219  -1018.076  0.000 
 8.698  852.542  7609.635  7609.632  569005.000  404915.625  459025.062  444012.562  -957.585  0.000 
 8.779  861.320  7613.919  7613.916  573877.000  409874.031  467282.281  448646.844  -1063.174  0.000 
 8.859  870.180  7618.223  7618.218  579435.000  416361.438  476413.375  453950.094  -935.844  0.000 
 8.941  879.121  7622.545  7622.541  586183.000  421796.844  483387.406  460204.312  -970.596  0.000 
 9.022  888.143  7626.887  7626.882  594669.000  429585.250  492557.344  467944.469  -1075.428  0.000 
 9.104  897.247  7631.248  7631.244  599532.000  435264.625  500023.188  472612.625  -1107.341  0.000 
 9.187  906.434  7635.627  7635.626  604586.000  440602.031  508428.938  477380.719  -1038.335  0.000 
 9.270  915.704  7640.026  7640.027  609268.000  444692.406  516397.625  482137.750  -1091.410  0.000 
 9.353  925.057  7644.443  7644.449  614314.000  451044.781  526792.188  487031.781  -1126.567  0.000 
 9.437  934.494  7648.880  7648.876  619557.000  456783.156  536116.688  491935.750  -1064.804  0.000 
 9.521  944.015  7653.336  7653.337  623752.000  460626.531  542775.125  496277.688  -1127.122  0.000 
 9.606  953.620  7657.811  7657.805  629239.000  467417.906  552110.438  501427.562  -1215.521  0.000 
 9.691  963.311  7662.305  7662.307  633387.000  471540.281  558239.688  505548.438  -1213.001  0.000 
 9.776  973.087  7666.817  7666.814  638050.000  477133.656  565269.812  509965.250  -1192.562  0.000 
 9.862  982.949  7671.350  7671.357  642196.000  482428.031  571577.875  513865.000  -1163.204  0.000 
 9.948  992.897  7675.900  7675.905  643709.000  485466.375  575490.875  515668.750  -1242.927  0.000 
 10.035  1002.932  7680.471  7680.474  624002.000  468808.750  558389.750  497556.438  -1276.731  0.000 
 10.122  1013.053  7685.060  7685.063  665994.000  506295.094  601154.562  536179.062  -1236.616  0.000 
 10.209  1023.263  7689.668  7689.673  668143.000  509752.438  607376.250  538166.688  -1249.582  0.000 
 10.297  1033.560  7694.295  7694.290  670920.000  512692.812  613908.875  541223.250  -1352.629  0.000 
 10.386  1043.945  7698.941  7698.941  673320.000  517907.156  623022.438  543833.812  -1330.757  0.000 
 10.474  1054.420  7703.607  7703.613  665347.000  511659.500  620197.875  536989.312  -1321.966  0.000 
 10.563  1064.983  7708.292  7708.292  686745.000  531909.812  645773.250  556650.750  -1171.256  0.000 
 10.653  1075.636  7712.995  7712.991  690226.000  536606.188  654770.500  560113.188  -1299.627  0.000 
 10.743  1086.379  7717.717  7717.711  693324.000  541343.500  664137.688  563538.500  -1337.079  0.000 
 10.833  1097.213  7722.459  7722.452  683295.000  537184.812  663058.812  556518.875  -1188.612  0.000 
 10.924  1108.137  7727.219  7727.214  707032.000  557340.188  689782.812  578577.125  -1240.226  0.000 
 11.016  1119.153  7731.999  7731.998  715886.000  564811.500  700831.750  585306.438  -1164.921  0.000 
 11.107  1130.260  7736.798  7736.803  719291.000  569883.812  709373.562  588762.625  -1233.697  0.000 
 11.199  1141.459  7741.616  7741.614  723724.000  575868.125  719163.312  593469.812  -1218.553  0.000 
 11.292  1152.751  7746.452  7746.447  732378.000  585301.438  733453.000  601757.938  -1282.491  0.000 
 11.385  1164.136  7751.308  7751.301  740789.000  593750.750  746510.562  610067.000  -1386.510  0.000 
 11.478  1175.614  7756.183  7756.177  746414.000  601275.062  758200.062  615848.062  -1328.610  0.000 
 11.572  1187.186  7761.077  7761.075  750986.000  606439.375  767787.500  620715.062  -1425.791  0.000 
 11.666  1198.852  7765.990  7765.994  757185.000  615292.688  782244.812  627006.062  -1357.052  0.000 
 11.761  1210.613  7770.922  7770.919  761670.000  620476.000  792725.000  631816.000  -1357.395  0.000 
 11.856  1222.468  7775.873  7775.867  767461.000  628541.250  806531.188  637731.875  -1449.819  0.000 
 11.951  1234.419  7780.843  7780.837  772206.000  634302.562  817412.188  642830.750  -1405.323  0.000 
 12.047  1246.466  7785.833  7785.828  777847.000  642733.875  830999.188  648695.562  -1408.909  0.000 
 12.143  1258.610  7790.841  7790.842  782651.000  648141.125  841191.062  653917.312  -1495.576  0.000 
 12.240  1270.850  7795.868  7795.862  788371.000  655996.438  854055.875  660313.062  -1312.323  0.000 
 12.337  1283.187  7800.915  7800.920  793351.000  662314.688  864751.562  665379.750  -1379.152  0.000 
 12.435  1295.621  7805.980  7805.985  799175.000  670648.000  877842.188  671579.375  -1291.062  0.000 
 12.533  1308.154  7811.064  7811.057  803920.000  676538.250  887905.688  676964.000  -1186.052  0.000 
 12.631  1320.785  7816.168  7816.167  809937.000  685596.562  901961.125  683005.562  -1261.124  0.000 
 12.730  1333.514  7821.291  7821.284  814493.000  691391.812  912639.500  688330.125  -1273.276  0.000 
 12.829  1346.343  7826.432  7826.438  820143.000  699799.062  926566.750  694471.562  -1386.510  0.000 
 12.928  1359.271  7831.593  7831.600  824532.000  705371.312  937092.938  699479.062  -1439.824  0.000 
 13.028  1372.300  7836.772  7836.770  830618.000  714986.562  952456.062  705974.438  -1487.220  0.000 
 13.129  1385.429  7841.971  7841.977  835206.000  720615.875  963467.062  711360.812  -1441.696  0.000 
 13.230  1398.659  7847.189  7847.192  841177.000  729689.125  978928.000  717801.125  -1454.254  0.000 
 13.331  1411.990  7852.426  7852.430  845446.000  735356.375  990371.812  722602.438  -1507.892  0.000 
 13.433  1425.422  7857.682  7857.675  851919.000  745318.625  1007277.562  729769.688  -1554.612  0.000 
 13.535  1438.957  7862.957  7862.959  864919.000  758961.812  1030126.188  742770.938  -1541.412  0.000 
 13.637  1452.595  7868.250  7868.250  870433.000  767563.062  1046272.812  748624.062  -1538.293  0.000 
 13.740  1466.335  7873.563  7873.565  881020.000  778757.312  1065991.250  759895.188  -1600.256  0.000 
 13.844  1480.179  7878.896  7878.903  883937.000  785992.562  1080356.625  763471.312  -1627.299  0.000 
 13.948  1494.126  7884.247  7884.249  887662.000  790816.812  1091921.000  768588.375  -1674.424  0.000 
 14.052  1508.178  7889.617  7889.618  894780.000  801935.000  1111314.250  775759.375  -1583.629  0.000 
 14.156  1522.334  7895.006  7895.011  899771.000  808326.250  1124825.375  781672.312  -1568.915  0.000 
 14.261  1536.596  7900.415  7900.412  905724.000  818501.438  1143011.375  788360.250  -1757.283  0.000 
 14.367  1550.963  7905.842  7905.836  910161.000  824082.688  1155829.375  793904.125  -1732.731  0.000 
 14.473  1565.435  7911.288  7911.284  916232.000  833379.875  1173265.250  800901.000  -1549.260  0.000 
 14.579  1580.014  7916.754  7916.755  921272.000  841167.125  1188616.000  806854.812  -1676.870  0.000 
 14.686  1594.700  7922.238  7922.235  926694.000  849506.312  1205014.625  813339.562  -1818.562  0.000 
 14.793  1609.493  7927.742  7927.739  932062.000  858346.562  1222189.250  819989.312  -1741.334  0.000 
 14.900  1624.393  7933.265  7933.267  937729.000  867087.750  1239226.875  826631.000  -1859.187  0.000 
 15.008  1639.402  7938.806  7938.804  942357.000  874182.938  1253368.250  832293.688  -1916.121  0.000 
 15.117  1654.518  7944.367  7944.364  948327.000  885258.125  1272560.625  839180.250  -1894.136  0.000 
 15.226  1669.744  7949.946  7949.949  952432.000  891143.312  1285563.875  844637.812  -1852.233  0.000 
 15.335  1685.079  7955.545  7955.542  958235.000  900727.500  1303772.000  851454.375  -1987.410  0.000 
 15.444  1700.523  7961.163  7961.159  963338.000  909484.688  1320845.125  858019.875  -1924.668  0.000 
 15.554  1716.078  7966.800  7966.801  976171.000  925547.875  1348830.125  872062.312  -1969.007  0.000 
 15.665  1731.743  7972.456  7972.452  984491.000  936764.062  1369858.000  881653.750  -2057.427  0.000 
 15.776  1747.518  7978.131  7978.127  990890.000  946843.250  1388984.875  889218.062  -2095.928  0.000 
 15.887  1763.405  7983.825  7983.827  995644.000  955195.438  1405695.625  895282.438  -2147.510  0.000 
 15.999  1779.404  7989.538  7989.536  1001353.000  964662.625  1424934.250  902520.688  -2015.173  0.000 
 16.111  1795.515  7995.271  7995.270  1006263.000  972352.750  1442097.750  909037.938  -2168.917  0.000 
 16.224  1811.739  8001.021  8001.028  1012753.000  984251.938  1464858.250  916788.188  -2168.742  0.000 
 16.337  1828.075  8006.792  8006.796  1017178.000  991554.125  1481509.625  923016.312  -2042.648  0.000 
 16.450  1844.525  8012.581  8012.588  1023388.000  1003126.250  1504058.000  930582.500  -1800.635  0.000 
 16.564  1861.089  8018.389  8018.390  1027942.000  1010578.438  1521543.125  936847.562  -1863.703  0.000 
 16.678  1877.767  8024.217  8024.217  1033361.000  1021360.562  1543521.250  943741.625  -1952.852  0.000 
 16.793  1894.559  8030.063  8030.070  1038202.000  1029118.750  1561578.375  950399.625  -1913.082  0.000 
 16.908  1911.467  8035.929  8035.931  1045054.000  1042229.875  1587307.250  958927.562  -1888.393  0.000 
 17.023  1928.490  8041.813  8041.818  1049379.000  1048458.000  1603580.125  964811.500  -1815.785  0.000 
 17.139  1945.629  8047.717  8047.715  1055135.000  1059394.125  1626518.000  972227.438  -1963.258  0.000 
 17.255  1962.885  8053.640  8053.637  1059831.000  1067325.250  1645658.625  978917.250  -2044.812  0.000 
 17.372  1980.257  8059.581  8059.584  1066519.000  1081132.500  1673082.250  987664.062  -2100.447  0.000 
 17.489  1997.746  8065.542  8065.542  1076807.000  1093999.625  1700425.750  999718.812  -2038.162  0.000 
 17.607  2015.353  8071.522  8071.525  1088664.000  1112642.750  1735863.125  1013181.562  -2192.959  0.000 
 17.725  2033.078  8077.521  8077.518  1093801.000  1120853.875  1756177.500  1020422.250  -2126.837  0.000 
 17.843  2050.921  8083.539  8083.537  1100407.000  1134334.000  1783598.750  1028803.938  -1937.796  0.000 
 17.962  2068.883  8089.576  8089.581  1105097.000  1141534.125  1802058.000  1035486.500  -1973.835  0.000 
 18.081  2086.964  8095.631  8095.636  1111844.000  1155545.250  1829772.000  1044064.062  -1769.956  0.000 
 18.201  2105.165  8101.707  8101.701  1116190.000  1162875.375  1848086.000  1050582.625  -1773.158  0.000 
 18.321  2123.486  8107.801  8107.808  1122521.000  1177023.375  1875939.875  1058650.125  -1902.441  0.000 
 18.441  2141.927  8113.914  8113.909  1126973.000  1184389.500  1894971.750  1065204.500  -1902.804  0.000 
 18.562  2160.490  8120.046  8120.053  1133042.000  1197249.625  1922310.500  1073130.000  -1868.249  0.000 
 18.684  2179.173  8126.197  8126.190  1137701.000  1205200.750  1942814.125  1079980.375  -1979.775  0.000 