SSRL   EXAFS Data Collector 4.0       
Mon Jan 16 19:42:18 2017              
PTS:        455 COLS:         10
lytle.det                             
Fe_xafs.rgn                           
73 unfocused  0.000 0 X 1.920170 20000                                        
5 1000 600 RST 0 0                    
                                                                              
                                                                              
                                                                              
                                                                              
                                                                              
                                                                              

Weights: 
 1.000  1.000  1.000  1.000  1.000  1.000  1.000  1.000  1.000  1.000 
Offsets: 
 0.000  0.000  0.000  0.000  0.000  7.400  209.000  4884.500  193.900  0.000 
Data: 
Real time clock   
Total time        
Requested Energy  
Achieved Energy   
I0                
I1                
I2                
Lytle             
                  
                  

 1.000  1.000  6880.000  6880.003  70439.000  22803.600  68491.000  -2612.500  -121.900  0.000 
 1.000  2.000  6890.000  6889.996  70338.000  23072.600  69618.000  -2593.500  -115.900  0.000 
 1.000  3.000  6900.000  6900.000  70380.000  23386.600  70863.000  -2606.500  -100.900  0.000 
 1.000  4.000  6910.000  6910.002  70419.000  23692.600  72094.000  -2574.500  -110.900  0.000 
 1.000  5.000  6920.000  6920.003  70252.000  23933.600  73187.000  -2539.500  -99.900  0.000 
 1.000  6.000  6930.000  6930.003  70155.000  24193.600  74281.000  -2527.500  -105.900  0.000 
 1.000  7.000  6940.000  6940.001  70215.000  24520.600  75609.000  -2515.500  -104.900  0.000 
 1.000  8.000  6950.000  6949.998  70217.000  24826.600  76878.000  -2510.500  -104.900  0.000 
 1.000  9.000  6960.000  6960.003  70192.000  25131.600  78166.000  -2499.500  -111.900  0.000 
 1.000  10.000  6970.000  6969.996  70123.000  25429.600  79432.000  -2485.500  -110.900  0.000 
 1.000  11.000  6980.000  6979.998  69942.000  25668.600  80544.000  -2477.500  -122.900  0.000 
 1.000  12.000  6990.000  6989.997  70223.000  26086.600  82196.000  -2451.500  -121.900  0.000 
 1.000  13.000  7000.000  7000.005  70156.000  26388.600  83510.000  -2434.500  -119.900  0.000 
 1.000  14.000  7010.000  7009.999  70149.000  26707.600  84869.000  -2396.500  -115.900  0.000 
 1.000  15.000  7020.000  7020.001  70146.000  27024.600  86257.000  -2373.500  -111.900  0.000 
 1.000  16.000  7030.000  7030.000  70069.000  27307.600  87532.000  -2343.500  -104.900  0.000 
 1.000  17.000  7040.000  7039.996  69999.000  27565.600  88753.000  -2321.500  -100.900  0.000 
 1.000  18.000  7050.000  7050.000  69944.000  27866.600  90117.000  -2298.500  -117.900  0.000 
 1.000  19.000  7060.000  7060.001  69717.000  28108.600  91245.000  -2264.500  -124.900  0.000 
 1.000  20.000  7070.000  7069.998  69986.000  28527.600  92953.000  -2195.500  -107.900  0.000 
 1.000  21.000  7080.000  7080.002  69764.000  28773.600  94070.000  -2131.500  -122.900  0.000 
 1.000  22.000  7090.000  7090.003  70044.000  29207.600  95676.000  -2010.500  -106.900  0.000 
 1.000  23.000  7090.352  7090.354  70062.000  29233.600  95764.000  -2007.500  -112.900  0.000 
 1.000  24.000  7090.704  7090.705  70056.000  29245.600  95803.000  -2012.500  -109.900  0.000 
 1.000  25.000  7091.056  7091.056  70031.000  29246.600  95815.000  -2009.500  -105.900  0.000 
 1.000  26.000  7091.408  7091.406  69982.000  29233.600  95778.000  -2003.500  -109.900  0.000 
 1.000  27.000  7091.760  7091.757  70066.000  29286.600  95948.000  -1993.500  -108.900  0.000 
 1.000  28.000  7092.112  7092.108  70006.000  29270.600  95905.000  -1989.500  -105.900  0.000 
 1.000  29.000  7092.464  7092.459  70029.000  29289.600  95967.000  -1986.500  -109.900  0.000 
 1.000  30.000  7092.816  7092.811  69973.000  29265.600  95896.000  -1982.500  -108.900  0.000 
 1.000  31.000  7093.168  7093.174  70051.000  29319.600  96064.000  -1978.500  -110.900  0.000 
 1.000  32.000  7093.520  7093.525  70018.000  29321.600  96065.000  -1964.500  -107.900  0.000 
 1.000  33.000  7093.872  7093.876  69995.000  29317.600  96057.000  -1962.500  -111.900  0.000 
 1.000  34.000  7094.224  7094.228  70010.000  29342.600  96126.000  -1958.500  -110.900  0.000 
 1.000  35.000  7094.576  7094.579  70004.000  29345.600  96145.000  -1946.500  -110.900  0.000 
 1.000  36.000  7094.928  7094.930  69979.000  29370.600  96203.000  -1951.500  -112.900  0.000 
 1.000  37.000  7095.280  7095.282  69996.000  29386.600  96247.000  -1937.500  -108.900  0.000 
 1.000  38.000  7095.632  7095.633  69996.000  29398.600  96287.000  -1933.500  -112.900  0.000 
 1.000  39.000  7095.984  7095.984  70003.000  29419.600  96350.000  -1921.500  -107.900  0.000 
 1.000  40.000  7096.336  7096.336  69999.000  29425.600  96373.000  -1916.500  -109.900  0.000 
 1.000  41.000  7096.688  7096.688  69922.000  29397.600  96274.000  -1933.500  -116.900  0.000 
 1.000  42.000  7097.040  7097.039  69837.000  29304.600  96012.000  -1930.500  -121.900  0.000 
 1.000  43.000  7097.392  7097.391  69810.000  29308.600  96008.000  -1904.500  -123.900  0.000 
 1.000  44.000  7097.744  7097.743  69875.000  29355.600  96145.000  -1895.500  -123.900  0.000 
 1.000  45.000  7098.096  7098.094  69865.000  29364.600  96175.000  -1882.500  -124.900  0.000 
 1.000  46.000  7098.448  7098.446  69899.000  29391.600  96239.000  -1879.500  -122.900  0.000 
 1.000  47.000  7098.800  7098.798  69891.000  29394.600  96245.000  -1881.500  -125.900  0.000 
 1.000  48.000  7099.152  7099.149  69870.000  29399.600  96245.000  -1864.500  -125.900  0.000 
 1.000  49.000  7099.504  7099.501  69838.000  29394.600  96210.000  -1851.500  -129.900  0.000 
 1.000  50.000  7099.856  7099.854  69854.000  29412.600  96252.000  -1852.500  -128.900  0.000 
 1.000  51.000  7100.208  7100.205  69871.000  29430.600  96297.000  -1845.500  -128.900  0.000 
 1.000  52.000  7100.560  7100.557  69771.000  29420.600  96226.000  -1837.500  -129.900  0.000 
 1.000  53.000  7100.912  7100.909  69763.000  29413.600  96192.000  -1827.500  -133.900  0.000 
 1.000  54.000  7101.264  7101.261  69787.000  29441.600  96258.000  -1818.500  -132.900  0.000 
 1.000  55.000  7101.616  7101.613  69734.000  29425.600  96180.000  -1810.500  -133.900  0.000 
 1.000  56.000  7101.968  7101.965  69794.000  29464.600  96278.000  -1787.500  -131.900  0.000 
 1.000  57.000  7102.320  7102.318  69809.000  29485.600  96317.000  -1781.500  -124.900  0.000 
 1.000  58.000  7102.672  7102.670  69796.000  29495.600  96317.000  -1764.500  -126.900  0.000 
 1.000  59.000  7103.024  7103.022  69746.000  29480.600  96238.000  -1751.500  -125.900  0.000 
 1.000  60.000  7103.376  7103.375  69774.000  29499.600  96265.000  -1739.500  -124.900  0.000 
 1.000  61.000  7103.728  7103.727  69740.000  29490.600  96209.000  -1725.500  -126.900  0.000 
 1.000  62.000  7104.080  7104.079  69771.000  29507.600  96213.000  -1712.500  -118.900  0.000 
 1.000  63.000  7104.432  7104.432  69742.000  29570.600  96331.000  -1711.500  -127.900  0.000 
 1.000  64.000  7104.784  7104.784  69693.000  29565.600  96258.000  -1710.500  -127.900  0.000 
 1.000  65.000  7105.136  7105.137  69713.000  29585.600  96254.000  -1687.500  -126.900  0.000 
 1.000  66.000  7105.488  7105.489  69702.000  29586.600  96190.000  -1672.500  -129.900  0.000 
 1.000  67.000  7105.840  7105.842  69730.000  29610.600  96185.000  -1657.500  -129.900  0.000 
 1.000  68.000  7106.192  7106.194  69636.000  29569.600  95981.000  -1630.500  -117.900  0.000 
 1.000  69.000  7106.544  7106.547  69668.000  29593.600  95954.000  -1617.500  -120.900  0.000 
 1.000  70.000  7106.896  7106.899  69744.000  29640.600  95992.000  -1603.500  -131.900  0.000 
 1.000  71.000  7107.248  7107.252  69714.000  29626.600  95822.000  -1583.500  -127.900  0.000 
 1.000  72.000  7107.600  7107.605  69646.000  29610.600  95618.000  -1564.500  -128.900  0.000 
 1.000  73.000  7107.952  7107.958  69717.000  29674.600  95641.000  -1545.500  -131.900  0.000 
 1.000  74.000  7108.304  7108.299  69700.000  29675.600  95429.000  -1517.500  -130.900  0.000 
 1.000  75.000  7108.656  7108.651  69652.000  29662.600  95145.000  -1496.500  -121.900  0.000 
 1.000  76.000  7109.008  7109.004  69614.000  29663.600  94853.000  -1464.500  -119.900  0.000 
 1.000  77.000  7109.360  7109.357  69606.000  29666.600  94494.000  -1439.500  -119.900  0.000 
 1.000  78.000  7109.712  7109.710  69614.000  29684.600  94092.000  -1394.500  -119.900  0.000 
 1.000  79.000  7110.064  7110.063  69576.000  29672.600  93445.000  -1352.500  -118.900  0.000 
 1.000  80.000  7110.416  7110.417  69550.000  29649.600  92541.000  -1299.500  -122.900  0.000 
 1.000  81.000  7110.768  7110.770  69601.000  29669.600  91366.000  -1232.500  -117.900  0.000 
 1.000  82.000  7111.120  7111.123  69538.000  29654.600  89335.000  -1128.500  -126.900  0.000 
 1.000  83.000  7111.472  7111.476  69500.000  29643.600  86093.000  -985.500  -130.900  0.000 
 1.000  84.000  7111.824  7111.829  69505.000  29646.600  81600.000  -815.500  -127.900  0.000 
 1.000  85.000  7112.176  7112.170  69429.000  29624.600  76858.000  -628.500  -114.900  0.000 
 1.000  86.000  7112.528  7112.524  69396.000  29618.600  72753.000  -404.500  -121.900  0.000 
 1.000  87.000  7112.880  7112.877  69357.000  29598.600  69669.000  -82.500  -116.900  0.000 
 1.000  88.000  7113.232  7113.230  69337.000  29568.600  67314.000  369.500  -110.900  0.000 
 1.000  89.000  7113.584  7113.584  69297.000  29568.600  65424.000  843.500  -119.900  0.000 
 1.000  90.000  7113.936  7113.938  69240.000  29498.600  63620.000  1035.500  -114.900  0.000 
 1.000  91.000  7114.288  7114.291  69243.000  29507.600  62112.000  997.500  -116.900  0.000 
 1.000  92.000  7114.640  7114.645  69234.000  29521.600  60739.000  1058.500  -105.900  0.000 
 1.000  93.000  7114.992  7114.998  69312.000  29556.600  59635.000  1266.500  -114.900  0.000 
 1.000  94.000  7115.344  7115.339  69213.000  29514.600  58686.000  1325.500  -115.900  0.000 
 1.000  95.000  7115.696  7115.693  69199.000  29526.600  58080.000  1138.500  -119.900  0.000 
 1.000  96.000  7116.048  7116.047  69284.000  29591.600  57783.000  907.500  -117.900  0.000 
 1.000  97.000  7116.400  7116.401  69282.000  29612.600  57546.000  766.500  -122.900  0.000 
 1.000  98.000  7116.752  7116.754  69215.000  29601.600  57310.000  755.500  -122.900  0.000 
 1.000  99.000  7117.104  7117.108  69181.000  29594.600  57028.000  818.500  -110.900  0.000 
 1.000  100.000  7117.456  7117.450  69185.000  29665.600  56687.000  935.500  -120.900  0.000 
 1.000  101.000  7117.808  7117.804  69185.000  29682.600  55921.000  1094.500  -123.900  0.000 
 1.000  102.000  7118.160  7118.158  69168.000  29680.600  54692.000  1283.500  -120.900  0.000 
 1.000  103.000  7118.512  7118.512  69170.000  29680.600  53111.000  1483.500  -123.900  0.000 
 1.000  104.000  7118.864  7118.866  69169.000  29678.600  51309.000  1725.500  -113.900  0.000 
 1.000  105.000  7119.216  7119.220  69216.000  29722.600  49535.000  2030.500  -123.900  0.000 
 1.000  106.000  7119.568  7119.574  69231.000  29723.600  47714.000  2368.500  -122.900  0.000 
 1.000  107.000  7119.920  7119.916  69237.000  29720.600  45990.000  2750.500  -126.900  0.000 
 1.000  108.000  7120.272  7120.270  69218.000  29693.600  44172.000  3214.500  -119.900  0.000 
 1.000  109.000  7120.624  7120.625  69148.000  29631.600  42321.000  3824.500  -120.900  0.000 
 1.000  110.000  7120.976  7120.979  69153.000  29613.600  40555.000  4605.500  -124.900  0.000 
 1.000  111.000  7121.328  7121.333  69044.000  29467.600  38707.000  5507.500  -123.900  0.000 
 1.000  112.000  7121.680  7121.675  69074.000  29429.600  37189.000  6529.500  -127.900  0.000 
 1.000  113.000  7122.032  7122.029  69032.000  29347.600  35741.000  7686.500  -116.900  0.000 
 1.000  114.000  7122.384  7122.384  68970.000  29257.600  34473.000  8964.500  -115.900  0.000 
 1.000  115.000  7122.736  7122.738  68966.000  29182.600  33361.000  10474.500  -117.900  0.000 
 1.000  116.000  7123.088  7123.093  69004.000  29109.600  32372.000  12310.500  -119.900  0.000 
 1.000  117.000  7123.440  7123.435  68911.000  28945.600  31414.000  14413.500  -108.900  0.000 
 1.000  118.000  7123.792  7123.790  69003.000  28847.600  30582.000  17058.500  -118.900  0.000 
 1.000  119.000  7124.144  7124.145  68933.000  28657.600  29746.000  19978.500  -125.900  0.000 
 1.000  120.000  7124.496  7124.499  68902.000  28467.600  28974.000  23090.500  -129.900  0.000 
 1.000  121.000  7124.848  7124.854  68865.000  28286.600  28269.000  26082.500  -130.900  0.000 
 1.000  122.000  7125.200  7125.196  68942.000  28185.600  27689.000  28835.500  -129.900  0.000 
 1.000  123.000  7125.552  7125.551  68910.000  28027.600  27093.000  31415.500  -117.900  0.000 
 1.000  124.000  7125.904  7125.906  68926.000  27899.600  26533.000  34000.500  -120.900  0.000 
 1.000  125.000  7126.256  7126.261  68884.000  27740.600  25963.000  36642.500  -127.900  0.000 
 1.000  126.000  7126.608  7126.604  68823.000  27556.600  25397.000  39386.500  -113.900  0.000 
 1.000  127.000  7126.960  7126.958  68877.000  27390.600  24825.000  42763.500  -113.900  0.000 
 1.000  128.000  7127.312  7127.313  68867.000  27168.600  24210.000  46576.500  -122.900  0.000 
 1.000  129.000  7127.664  7127.668  68844.000  26915.600  23562.000  50883.500  -112.900  0.000 
 1.000  130.000  7128.016  7128.011  68748.000  26631.600  22899.000  55174.500  -128.900  0.000 
 1.000  131.000  7128.368  7128.366  68738.000  26374.600  22231.000  59548.500  -127.900  0.000 
 1.000  132.000  7128.720  7128.722  68678.000  26146.600  21571.000  63355.500  -117.900  0.000 
 1.000  133.000  7129.072  7129.077  68740.000  25987.600  20968.000  66672.500  -122.900  0.000 
 1.000  134.000  7129.424  7129.420  68720.000  25844.600  20392.000  69098.500  -126.900  0.000 
 1.000  135.000  7129.776  7129.775  68661.000  25713.600  19842.000  71080.500  -118.900  0.000 
 1.000  136.000  7130.128  7130.130  68673.000  25634.600  19368.000  72721.500  -124.900  0.000 
 1.000  137.000  7130.480  7130.486  68579.000  25523.600  18940.000  73937.500  -104.900  0.000 
 1.000  138.000  7130.832  7130.829  68471.000  25394.600  18558.000  75051.500  -123.900  0.000 
 1.000  139.000  7131.184  7131.184  68445.000  25350.600  18330.000  76347.500  -118.900  0.000 
 1.000  140.000  7131.536  7131.540  68471.000  25289.600  18191.000  77954.500  -116.900  0.000 
 1.000  141.000  7131.888  7131.883  68626.000  25265.600  18189.000  79814.500  -110.900  0.000 
 1.000  142.000  7132.240  7132.238  68838.000  25246.600  18293.000  81866.500  -113.900  0.000 
 1.000  143.000  7132.592  7132.594  68979.000  25223.600  18489.000  83543.500  -109.900  0.000 
 1.000  144.000  7132.944  7132.950  69131.000  25230.600  18772.000  84741.500  -100.900  0.000 
 1.000  145.000  7133.296  7133.293  69152.000  25230.600  19074.000  85193.500  -107.900  0.000 
 1.000  146.000  7133.648  7133.648  69096.000  25208.600  19404.000  85064.500  -103.900  0.000 
 1.000  147.000  7134.000  7134.004  69136.000  25261.600  19783.000  84606.500  -109.900  0.000 
 1.000  148.000  7134.352  7134.348  69154.000  25322.600  20164.000  83943.500  -117.900  0.000 
 1.000  149.000  7134.704  7134.704  69159.000  25383.600  20547.000  83063.500  -126.900  0.000 
 1.000  150.000  7135.056  7135.060  69108.000  25435.600  20884.000  82013.500  -110.900  0.000 
 1.000  151.000  7135.408  7135.403  69142.000  25520.600  21196.000  80986.500  -103.900  0.000 
 1.000  152.000  7135.760  7135.759  69187.000  25616.600  21485.000  79859.500  -119.900  0.000 
 1.000  153.000  7136.112  7136.115  69074.000  25662.600  21694.000  78523.500  -121.900  0.000 
 1.000  154.000  7136.464  7136.459  69180.000  25786.600  21954.000  77529.500  -120.900  0.000 
 1.000  155.000  7136.816  7136.815  69184.000  25863.600  22126.000  76400.500  -121.900  0.000 
 1.000  156.000  7137.168  7137.171  69179.000  25931.600  22239.000  75403.500  -110.900  0.000 
 1.000  157.000  7137.520  7137.515  69152.000  25993.600  22315.000  74452.500  -127.900  0.000 
 1.000  158.000  7137.872  7137.871  69152.000  26053.600  22354.000  73577.500  -120.900  0.000 
 1.000  159.000  7138.224  7138.227  69120.000  26121.600  22362.000  72735.500  -125.900  0.000 
 1.000  160.000  7138.576  7138.571  69144.000  26165.600  22325.000  72008.500  -120.900  0.000 
 1.000  161.000  7138.928  7138.928  69092.000  26205.600  22255.000  71163.500  -120.900  0.000 
 1.000  162.000  7139.280  7139.284  69099.000  26265.600  22193.000  70417.500  -122.900  0.000 
 1.000  163.000  7139.632  7139.628  69077.000  26308.600  22108.000  69655.500  -121.900  0.000 
 1.000  164.000  7139.999  7139.997  69073.000  26363.600  22017.000  68914.500  -129.900  0.000 
 1.000  165.000  7140.625  7140.624  69173.000  26488.598  21906.957  67777.477  -121.940  0.000 
 1.001  166.001  7141.271  7141.275  69170.000  26577.594  21820.826  66585.422  -120.062  0.000 
 1.002  167.003  7141.937  7141.939  69250.000  26753.586  21875.607  65427.320  -124.264  0.000 
 1.003  168.006  7142.620  7142.616  69392.000  26900.576  21992.301  64356.180  -112.548  0.000 
 1.005  169.011  7143.323  7143.329  69497.000  27033.561  22176.908  63293.000  -113.912  0.000 
 1.008  170.019  7144.045  7144.043  69647.000  27163.545  22399.430  62578.781  -112.358  0.000 
 1.010  171.029  7144.786  7144.781  69885.000  27314.523  22616.861  62226.520  -109.884  0.000 
 1.013  172.043  7145.546  7145.544  70129.000  27442.502  22750.207  62216.219  -113.491  0.000 
 1.017  173.060  7146.326  7146.320  70390.000  27577.475  22771.465  62318.879  -112.180  0.000 
 1.021  174.080  7147.124  7147.121  70598.000  27635.445  22600.635  62207.500  -113.949  0.000 
 1.025  175.106  7147.941  7147.946  70870.000  27801.412  22398.719  61695.078  -113.799  0.000 
 1.030  176.136  7148.777  7148.772  71156.000  28031.377  22198.715  60799.617  -110.731  0.000 
 1.035  177.171  7149.632  7149.635  71576.000  28320.338  22064.623  59545.117  -114.743  0.000 
 1.041  178.212  7150.507  7150.510  71985.000  28617.297  22033.445  58076.578  -106.836  0.000 
 1.047  179.259  7151.400  7151.398  72421.000  28923.252  22102.180  56605.996  -112.011  0.000 
 1.053  180.312  7152.313  7152.312  72811.000  29211.205  22211.826  55090.375  -119.266  0.000 
 1.060  181.373  7153.245  7153.249  73357.000  29613.154  22405.387  53894.715  -115.602  0.000 
 1.068  182.440  7154.195  7154.200  73894.000  29953.100  22608.859  52905.016  -125.019  0.000 
 1.075  183.516  7155.165  7155.163  74342.000  30260.043  22872.244  52011.273  -125.517  0.000 
 1.084  184.599  7156.153  7156.151  74906.000  30579.982  23223.543  51429.492  -120.097  0.000 
 1.092  185.691  7157.161  7157.164  75472.000  30834.918  23551.752  51003.672  -129.757  0.000 
 1.101  186.792  7158.188  7158.190  76102.000  31182.852  23920.875  50726.812  -140.498  0.000 
 1.110  187.903  7159.234  7159.229  76734.000  31516.783  24233.912  50652.910  -129.320  0.000 
 1.120  189.023  7160.299  7160.305  77395.000  31844.709  24504.861  50765.969  -141.223  0.000 
 1.131  190.154  7161.383  7161.381  78105.000  32183.635  24784.723  51039.988  -140.207  0.000 
 1.141  191.295  7162.486  7162.482  78827.000  32519.555  25102.496  51577.969  -141.272  0.000 
 1.152  192.447  7163.607  7163.609  79540.000  32815.473  25458.184  52389.906  -128.418  0.000 
 1.164  193.611  7164.749  7164.749  80333.000  33153.387  25863.783  53585.805  -126.645  0.000 
 1.176  194.787  7165.909  7165.913  81237.000  33592.301  26332.295  55128.664  -141.953  0.000 
 1.188  195.974  7167.088  7167.090  81957.000  33838.211  26624.719  56845.484  -132.342  0.000 
 1.201  197.175  7168.286  7168.281  82791.000  34139.113  26937.057  58932.262  -143.812  0.000 
 1.214  198.389  7169.503  7169.509  83745.000  34475.020  27288.307  61260.000  -151.363  0.000 
 1.227  199.616  7170.740  7170.737  84621.000  34816.918  27659.471  63587.699  -156.995  0.000 
 1.241  200.858  7171.996  7171.991  85578.000  35131.812  28104.547  65950.359  -156.708  0.000 
 1.256  202.114  7173.270  7173.270  86583.000  35501.707  28702.535  68385.977  -143.502  0.000 
 1.271  203.384  7174.563  7174.562  87538.000  35880.598  29399.436  70790.555  -150.377  0.000 
 1.286  204.670  7175.876  7175.879  88493.000  36157.484  30092.250  73465.094  -156.333  0.000 
 1.302  205.972  7177.208  7177.209  89495.000  36521.367  30924.977  75734.594  -156.370  0.000 
 1.318  207.289  7178.558  7178.553  90586.000  37083.250  31875.615  77475.055  -166.488  0.000 
 1.334  208.623  7179.928  7179.934  91903.000  37649.129  32709.168  79381.469  -168.687  0.000 
 1.351  209.974  7181.316  7181.316  93042.000  38102.004  33247.633  81056.852  -161.966  0.000 
 1.368  211.343  7182.724  7182.723  94193.000  38610.875  33640.012  82613.188  -170.327  0.000 
 1.386  212.729  7184.151  7184.156  95451.000  39172.742  33978.301  84078.484  -173.769  0.000 
 1.404  214.133  7185.597  7185.602  96501.000  39569.609  34058.504  85193.742  -179.292  0.000 
 1.423  215.556  7187.062  7187.061  97823.000  40199.473  34147.617  86402.961  -176.896  0.000 
 1.442  216.998  7188.546  7188.546  99125.000  40787.332  34083.648  87640.141  -184.580  0.000 
 1.461  218.459  7190.049  7190.044  100493.000  41543.188  34102.590  88889.281  -185.346  0.000 
 1.481  219.940  7191.571  7191.567  101672.000  42026.039  33873.441  89997.375  -174.193  0.000 
 1.501  221.442  7193.112  7193.117  103080.000  42705.891  33777.207  91222.438  -189.120  0.000 
 1.522  222.964  7194.672  7194.667  104351.000  43306.738  33864.887  92275.453  -196.129  0.000 
 1.543  224.507  7196.252  7196.255  105612.000  43910.582  34357.480  93216.430  -196.219  0.000 
 1.565  226.072  7197.850  7197.845  106399.000  44417.422  35158.984  93552.367  -188.389  0.000 
 1.587  227.658  7199.467  7199.472  108268.000  45242.258  36433.402  94927.266  -193.641  0.000 
 1.609  229.267  7201.104  7201.101  108997.000  45773.094  37698.730  94644.125  -188.974  0.000 
 1.632  230.899  7202.759  7202.755  103786.000  43207.926  37035.973  88882.945  -191.387  0.000 
 1.655  232.554  7204.434  7204.435  115266.000  48606.754  41911.129  98415.727  -199.882  0.000 
 1.678  234.232  7206.127  7206.129  116217.000  49163.578  43476.199  98163.461  -206.457  0.000 
 1.702  235.935  7207.840  7207.836  117691.000  49924.402  44816.180  98399.156  -215.114  0.000 
 1.727  237.662  7209.571  7209.569  119182.000  50720.223  45442.070  98665.820  -204.851  0.000 
 1.752  239.414  7211.322  7211.328  120588.000  51390.035  44930.879  98950.438  -230.670  0.000 
 1.777  241.191  7213.092  7213.088  122396.000  52445.852  43780.598  99570.016  -213.569  0.000 
 1.803  242.993  7214.881  7214.875  124080.000  53299.660  41977.230  100267.547  -223.550  0.000 
 1.829  244.822  7216.688  7216.687  125862.000  54212.465  40311.773  101231.047  -233.611  0.000 
 1.855  246.678  7218.516  7218.513  127625.000  55106.270  39148.230  102475.508  -220.754  0.000 
 1.882  248.560  7220.361  7220.366  129418.000  55949.070  38668.602  103999.922  -252.977  0.000 
 1.910  250.469  7222.227  7222.231  131224.000  56819.867  39100.883  105753.297  -251.282  0.000 
 1.937  252.407  7224.110  7224.111  133183.000  57842.664  40578.078  107814.641  -227.667  0.000 
 1.966  254.373  7226.014  7226.018  135166.000  58813.453  42836.188  109863.938  -218.133  0.000 
 1.994  256.367  7227.936  7227.938  137095.000  59733.242  45581.207  111707.195  -230.681  0.000 
 2.023  258.390  7229.877  7229.871  138969.000  60650.027  48620.141  113393.414  -240.309  0.000 
 2.053  260.443  7231.837  7231.831  140882.000  61584.809  51844.984  115057.586  -237.018  0.000 
 2.083  262.525  7233.816  7233.818  142934.000  62760.590  55193.746  116727.727  -253.809  0.000 
 2.113  264.638  7235.815  7235.818  145090.000  63816.363  58018.414  118558.820  -250.680  0.000 
 2.144  266.782  7237.832  7237.833  147034.000  64812.137  60078.000  120180.883  -253.632  0.000 
 2.175  268.956  7239.869  7239.874  149135.000  65845.906  61412.496  122059.898  -268.666  0.000 
 2.206  271.163  7241.924  7241.929  151308.000  66932.672  62085.906  124118.875  -281.780  0.000 
 2.238  273.401  7243.999  7243.998  153495.000  67985.438  62153.230  126363.812  -273.975  0.000 
 2.271  275.671  7246.092  7246.094  155729.000  69253.195  62155.465  128699.711  -252.251  0.000 
 2.303  277.974  7248.205  7248.204  157767.000  70225.953  62098.613  131025.562  -284.608  0.000 
 2.336  280.311  7250.336  7250.340  160135.000  71431.711  62737.672  133712.391  -269.047  0.000 
 2.370  282.681  7252.487  7252.491  162411.000  72516.461  63923.645  136456.156  -292.566  0.000 
 2.404  285.085  7254.657  7254.656  164707.000  73681.211  65602.531  139292.891  -300.166  0.000 
 2.439  287.524  7256.846  7256.848  167003.000  74806.953  67166.328  142190.594  -309.847  0.000 
 2.473  289.997  7259.054  7259.054  169252.000  75960.695  68152.039  145049.250  -305.609  0.000 
 2.509  292.506  7261.281  7261.275  171676.000  77367.438  68751.664  147921.875  -267.452  0.000 
 2.544  295.051  7263.527  7263.522  173916.000  78330.172  68875.203  150598.453  -288.376  0.000 
 2.581  297.631  7265.792  7265.797  176551.000  79731.906  69501.648  153475.984  -274.381  0.000 
 2.617  300.248  7268.076  7268.073  179020.000  81024.633  70075.016  156064.484  -262.467  0.000 
 2.654  302.902  7270.379  7270.377  181397.000  82328.359  70272.289  158373.938  -313.634  0.000 
 2.692  305.594  7272.701  7272.708  183834.000  83506.086  69921.477  160625.359  -306.882  0.000 
 2.729  308.323  7275.042  7275.040  186411.000  85113.805  70067.578  162909.734  -313.211  0.000 
 2.768  311.091  7277.403  7277.400  189036.000  86565.523  70644.586  165245.062  -316.621  0.000 
 2.806  313.897  7279.782  7279.787  191317.000  87597.234  71026.516  167289.359  -322.112  0.000 
 2.845  316.742  7282.181  7282.176  193983.000  89146.945  71488.352  169574.625  -323.684  0.000 
 2.885  319.627  7284.598  7284.592  196866.000  90819.656  71843.102  171956.828  -329.337  0.000 
 2.925  322.551  7287.035  7287.037  199447.000  92283.359  72115.766  173942.016  -331.071  0.000 
 2.965  325.516  7289.490  7289.495  202287.000  93868.062  73035.344  176124.156  -350.886  0.000 
 3.006  328.522  7291.965  7291.969  204780.000  95208.758  75020.836  177760.250  -348.782  0.000 
 3.047  331.569  7294.458  7294.457  207705.000  96884.453  78536.234  179687.297  -343.759  0.000 
 3.088  334.657  7296.971  7296.973  210421.000  98502.148  82755.547  181361.312  -328.817  0.000 
 3.130  337.787  7299.503  7299.503  213380.000  100380.836  87195.781  183210.297  -387.955  0.000 
 3.173  340.960  7302.054  7302.049  215989.000  101757.523  90873.914  184834.234  -399.175  0.000 
 3.215  344.175  7304.624  7304.623  219206.000  103577.203  94481.969  187054.125  -378.476  0.000 
 3.259  347.434  7307.212  7307.211  223431.000  106041.883  98074.938  190459.984  -401.858  0.000 
 3.302  350.736  7309.820  7309.815  227229.000  108203.562  100844.812  193568.797  -431.321  0.000 
 3.346  354.083  7312.447  7312.446  230203.000  109941.234  102558.602  196091.578  -417.864  0.000 
 3.391  357.473  7315.093  7315.093  233017.000  111635.906  104049.312  198500.312  -388.489  0.000 
 3.436  360.909  7317.758  7317.755  236080.000  113197.578  105621.922  201427.000  -368.195  0.000 
 3.481  364.390  7320.442  7320.445  239186.000  115275.242  107711.453  204372.656  -401.981  0.000 
 3.527  367.917  7323.146  7323.150  242216.000  117042.898  109531.898  207428.281  -400.849  0.000 
 3.573  371.490  7325.868  7325.871  245231.000  118685.562  111158.250  210558.859  -375.798  0.000 
 3.620  375.110  7328.609  7328.606  248357.000  120547.219  112987.516  213753.391  -393.827  0.000 
 3.667  378.776  7331.370  7331.371  251753.000  122780.867  115423.695  217148.891  -426.938  0.000 
 3.714  382.490  7334.149  7334.150  254771.000  124445.516  117967.789  220186.344  -415.130  0.000 
 3.762  386.252  7336.948  7336.945  257899.000  126331.164  120741.797  223204.766  -447.402  0.000 
 3.810  390.062  7339.765  7339.769  261193.000  128314.805  123058.711  226350.141  -485.756  0.000 
 3.859  393.920  7342.602  7342.607  264507.000  130433.445  124432.547  229499.469  -482.190  0.000 
 3.908  397.828  7345.457  7345.462  267491.000  132282.078  124391.289  232224.766  -450.706  0.000 
 3.957  401.785  7348.332  7348.333  270904.000  134453.719  123874.945  235395.016  -438.302  0.000 
 4.007  405.792  7351.226  7351.231  274220.000  136251.344  123076.516  238501.234  -448.980  0.000 
 4.057  409.850  7354.138  7354.133  277740.000  138768.969  123061.992  241708.406  -492.738  0.000 
 4.108  413.958  7357.070  7357.076  280943.000  140710.594  122891.391  244745.547  -492.578  0.000 
 4.159  418.117  7360.021  7360.022  284641.000  143008.219  123182.695  248316.641  -523.498  0.000 
 4.211  422.328  7362.991  7362.984  288246.000  145571.844  124118.914  251665.703  -511.500  0.000 
 4.263  426.591  7365.980  7365.976  291475.000  147252.453  124920.047  254867.719  -507.582  0.000 
 4.315  430.907  7368.988  7368.982  294902.000  149523.062  127226.094  258230.688  -546.746  0.000 
 4.368  435.275  7372.015  7372.019  298296.000  151578.672  130645.047  261811.625  -532.990  0.000 
 4.421  439.696  7375.061  7375.057  301759.000  153822.281  135753.922  265433.531  -509.315  0.000 
 4.475  444.171  7378.126  7378.125  305355.000  156275.891  142721.703  269163.375  -509.722  0.000 
 4.529  448.701  7381.210  7381.210  308917.000  158589.484  150690.406  272956.188  -554.209  0.000 
 4.584  453.284  7384.313  7384.310  312180.000  160718.078  157767.016  276464.969  -537.777  0.000 
 4.639  457.923  7387.436  7387.440  315194.000  162711.672  162468.531  279529.688  -557.427  0.000 
 4.694  462.617  7390.577  7390.573  319380.000  165644.266  165728.969  283824.406  -535.157  0.000 
 4.750  467.366  7393.737  7393.735  323571.000  168271.859  167447.312  287903.062  -593.968  0.000 
 4.806  472.172  7396.917  7396.914  327222.000  170695.438  168757.578  291424.656  -560.861  0.000 
 4.862  477.035  7400.116  7400.109  331101.000  173297.016  170865.750  294963.250  -598.834  0.000 
 4.919  481.954  7403.333  7403.333  334400.000  175664.594  173351.828  297798.781  -583.888  0.000 
 4.977  486.931  7406.570  7406.575  337899.000  178176.172  176008.828  300821.281  -614.023  0.000 
 5.035  491.966  7409.825  7409.819  340758.000  180380.750  178144.734  303267.719  -588.239  0.000 
 5.093  497.059  7413.100  7413.094  343785.000  182304.312  179989.562  305363.156  -587.537  0.000 
 5.152  502.211  7416.394  7416.398  350460.000  186837.875  184321.297  311347.531  -568.915  0.000 
 5.211  507.421  7419.707  7419.706  353999.000  189332.438  187293.938  314137.844  -656.374  0.000 
 5.270  512.692  7423.039  7423.044  357966.000  192087.000  191099.500  317356.156  -688.914  0.000 
 5.330  518.022  7426.389  7426.385  361666.000  194773.562  195439.984  320514.406  -606.535  0.000 
 5.391  523.413  7429.759  7429.756  365321.000  197465.109  199122.359  323729.625  -619.237  0.000 
 5.451  528.864  7433.148  7433.145  369558.000  200447.656  202159.656  327652.781  -602.020  0.000 
 5.513  534.377  7436.556  7436.550  373046.000  202896.203  204199.875  330950.938  -602.884  0.000 
 5.574  539.951  7439.983  7439.986  377239.000  205892.750  205939.000  334989.031  -553.829  0.000 
 5.636  545.587  7443.430  7443.425  380966.000  208769.297  206664.031  338695.062  -594.855  0.000 
 5.699  551.286  7446.895  7446.895  385542.000  211990.828  207330.984  343312.094  -613.962  0.000 
 5.761  557.047  7450.379  7450.381  389292.000  214742.359  208935.844  347259.062  -637.150  0.000 
 5.825  562.872  7453.882  7453.886  393570.000  217809.891  210833.625  351657.000  -636.419  0.000 
 5.888  568.760  7457.405  7457.407  397363.000  220777.422  213899.312  355564.906  -652.769  0.000 
 5.953  574.713  7460.946  7460.945  401581.000  223951.953  217636.922  360026.750  -697.200  0.000 
 6.017  580.730  7464.506  7464.501  405928.000  227153.469  222046.438  364700.562  -648.712  0.000 
 6.082  586.812  7468.086  7468.088  409357.000  229443.000  226532.859  368562.344  -652.305  0.000 
 6.147  592.959  7471.685  7471.679  415744.000  234395.516  234246.203  375038.062  -741.979  0.000 
 6.213  599.172  7475.302  7475.301  422465.000  238772.016  241664.453  382057.750  -753.734  0.000 
 6.279  605.452  7478.939  7478.940  426820.000  242119.531  247511.609  386673.406  -728.570  0.000 
 6.346  611.798  7482.594  7482.597  431340.000  245905.047  253467.688  391442.031  -767.487  0.000 
 6.413  618.211  7486.269  7486.272  435295.000  248351.547  258751.672  395684.594  -807.484  0.000 
 6.480  624.691  7489.963  7489.964  439868.000  252514.047  265933.594  400336.156  -692.563  0.000 
 6.548  631.240  7493.676  7493.674  444625.000  256181.547  272253.406  405164.625  -775.723  0.000 
 6.617  637.856  7497.408  7497.402  448331.000  258685.031  276206.125  409066.094  -754.964  0.000 
 6.685  644.542  7501.159  7501.162  452974.000  262862.531  280486.781  413583.500  -772.286  0.000 
 6.754  651.296  7504.929  7504.925  457610.000  266536.031  283751.312  418245.875  -775.688  0.000 
 6.824  658.120  7508.718  7508.721  461583.000  269121.500  286302.781  422289.219  -769.172  0.000 
 6.894  665.014  7512.526  7512.521  466253.000  273536.000  291253.156  426835.500  -774.737  0.000 
 6.964  671.978  7516.353  7516.352  470503.000  276690.469  295633.469  431130.750  -779.382  0.000 
 7.035  679.013  7520.199  7520.202  475264.000  280622.938  300763.656  435981.969  -714.109  0.000 
 7.106  686.120  7524.064  7524.070  479973.000  284587.406  305587.781  440957.156  -772.917  0.000 
 7.178  693.298  7527.949  7527.942  484657.000  288558.875  310000.812  445972.281  -792.805  0.000 
 7.250  700.548  7531.852  7531.847  489208.000  292468.344  314068.750  450681.375  -818.775  0.000 
 7.322  707.870  7535.774  7535.770  493342.000  295234.812  317388.594  455298.438  -813.826  0.000 
 7.395  715.266  7539.716  7539.711  498362.000  300235.281  323474.375  460598.438  -825.957  0.000 
 7.469  722.734  7543.676  7543.670  502847.000  303729.719  328440.062  465379.406  -847.170  0.000 
 7.542  730.276  7547.656  7547.649  507558.000  307837.188  333972.656  470449.344  -804.463  0.000 
 7.616  737.893  7551.654  7551.660  511889.000  311676.625  338685.156  475078.250  -760.838  0.000 
 7.691  745.584  7555.672  7555.676  516540.000  315739.094  342674.562  479817.094  -812.293  0.000 
 7.766  753.350  7559.709  7559.710  520885.000  319216.531  345380.906  484483.906  -792.830  0.000 
 7.841  761.191  7563.765  7563.763  526104.000  324426.969  350044.156  489650.688  -824.447  0.000 
 7.917  769.109  7567.839  7567.835  530524.000  327954.406  354177.312  494308.406  -781.146  0.000 
 7.993  777.102  7571.933  7571.940  535290.000  332198.844  360568.375  499272.125  -775.925  0.000 
 8.070  785.172  7576.046  7576.050  540415.000  336786.281  368401.344  504623.750  -865.786  0.000 
 8.147  793.319  7580.178  7580.179  544104.000  340305.719  375902.250  508405.375  -957.727  0.000 
 8.225  801.544  7584.329  7584.327  549250.000  345034.125  384672.062  513655.938  -875.750  0.000 
 8.302  809.846  7588.499  7588.494  554027.000  349111.562  391968.781  518702.469  -963.853  0.000 
 8.381  818.227  7592.688  7592.694  558765.000  354062.969  399220.406  523811.969  -989.037  0.000 
 8.460  826.687  7596.896  7596.899  563292.000  358432.406  405170.969  528805.438  -1007.303  0.000 
 8.539  835.225  7601.124  7601.125  567726.000  361867.812  409824.406  533937.812  -1065.649  0.000 
 8.618  843.844  7605.370  7605.369  572910.000  367540.219  417221.781  539740.188  -1066.076  0.000 
 8.698  852.542  7609.635  7609.632  577313.000  371325.625  423508.062  544681.562  -1075.585  0.000 
 8.779  861.320  7613.919  7613.916  587028.000  379131.031  434745.281  555006.812  -966.174  0.000 
 8.859  870.180  7618.223  7618.218  593967.000  386066.438  444314.375  562675.125  -924.844  0.000 
 8.941  879.121  7622.545  7622.541  598198.000  389389.844  448780.406  567754.312  -995.596  0.000 
 9.022  888.143  7626.887  7626.882  603205.000  394257.250  454603.344  573592.500  -1070.428  0.000 
 9.104  897.247  7631.248  7631.244  608403.000  399573.625  461664.188  579537.625  -955.341  0.000 
 9.187  906.434  7635.627  7635.626  613654.000  404657.031  469556.938  585712.688  -964.335  0.000 
 9.270  915.704  7640.026  7640.027  617952.000  408251.406  476644.625  590888.750  -956.410  0.000 
 9.353  925.057  7644.443  7644.449  623529.000  414320.781  486530.188  597417.750  -1038.567  0.000 
 9.437  934.494  7648.880  7648.876  628780.000  419612.156  495171.688  603450.750  -1030.804  0.000 
 9.521  944.015  7653.336  7653.337  633177.000  423222.531  501452.125  608885.688  -1104.122  0.000 
 9.606  953.620  7657.811  7657.805  638349.000  429233.906  509810.438  614836.562  -1090.521  0.000 
 9.691  963.311  7662.305  7662.307  642820.000  433354.281  515709.656  620053.438  -1096.001  0.000 
 9.776  973.087  7666.817  7666.814  647338.000  438397.656  522088.812  625321.250  -1085.562  0.000 
 9.862  982.949  7671.350  7671.357  651564.000  443532.031  528275.875  630128.000  -1108.204  0.000 
 9.948  992.897  7675.900  7675.905  653375.000  446604.375  532164.875  632622.750  -1138.927  0.000 
 10.035  1002.932  7680.471  7680.474  633280.000  431397.750  516637.750  610657.438  -1085.731  0.000 
 10.122  1013.053  7685.060  7685.063  675230.000  465363.094  555323.562  656678.062  -1160.616  0.000 
 10.209  1023.263  7689.668  7689.673  677587.000  468902.438  561440.250  659385.688  -1147.582  0.000 
 10.297  1033.560  7694.295  7694.290  680487.000  471732.812  567596.875  663097.250  -1189.629  0.000 
 10.386  1043.945  7698.941  7698.941  683434.000  477060.156  576554.438  667036.812  -1203.757  0.000 
 10.474  1054.420  7703.607  7703.613  674580.000  470850.500  573689.875  657874.312  -1122.966  0.000 
 10.563  1064.983  7708.292  7708.292  696757.000  489599.844  597265.250  682251.750  -1283.256  0.000 
 10.653  1075.636  7712.995  7712.991  700157.000  494274.156  605806.500  686316.188  -1211.627  0.000 
 10.743  1086.379  7717.717  7717.711  703617.000  498921.500  614745.688  690672.500  -1257.079  0.000 
 10.833  1097.213  7722.459  7722.452  693979.000  495287.844  614055.812  682987.875  -1196.612  0.000 
 10.924  1108.137  7727.219  7727.214  717243.000  513569.156  638274.812  708885.125  -1184.226  0.000 
 11.016  1119.153  7731.999  7731.998  726179.000  520564.500  648594.750  717008.438  -1219.921  0.000 
 11.107  1130.260  7736.798  7736.803  732568.000  527452.812  659196.562  724657.625  -1289.697  0.000 
 11.199  1141.459  7741.616  7741.614  742627.000  537427.125  673742.312  736153.812  -1356.553  0.000 
 11.292  1152.751  7746.452  7746.447  747810.000  543578.438  683838.000  742724.938  -1458.491  0.000 
 11.385  1164.136  7751.308  7751.301  752586.000  548539.750  692469.562  748719.000  -1283.510  0.000 
 11.478  1175.614  7756.183  7756.177  758728.000  556595.062  704412.062  756124.062  -1334.610  0.000 
 11.572  1187.186  7761.077  7761.075  762950.000  561115.375  713020.500  761765.062  -1412.791  0.000 
 11.666  1198.852  7765.990  7765.994  768630.000  567752.688  724648.812  768845.062  -1511.052  0.000 
 11.761  1210.613  7770.922  7770.919  773720.000  574383.000  736292.000  775254.000  -1499.395  0.000 
 11.856  1222.468  7775.873  7775.867  779408.000  581336.250  748531.188  782274.875  -1432.819  0.000 
 11.951  1234.419  7780.843  7780.837  784334.000  586920.562  758869.188  788536.750  -1401.323  0.000 
 12.047  1246.466  7785.833  7785.828  790647.000  595475.875  772455.188  796190.562  -1395.909  0.000 
 12.143  1258.610  7790.841  7790.842  795116.000  600254.125  781558.062  802254.312  -1447.576  0.000 
 12.240  1270.850  7795.868  7795.862  800458.000  606950.438  792791.875  809096.062  -1451.323  0.000 
 12.337  1283.187  7800.915  7800.920  805327.000  613580.688  803569.562  815271.750  -1502.152  0.000 
 12.435  1295.621  7805.980  7805.985  811193.000  620848.000  815168.188  822815.375  -1565.062  0.000 
 12.533  1308.154  7811.064  7811.057  816188.000  626622.250  824934.688  829613.000  -1538.052  0.000 
 12.631  1320.785  7816.168  7816.167  822109.000  635143.562  838134.125  837241.562  -1633.124  0.000 
 12.730  1333.514  7821.291  7821.284  826890.000  640647.812  848212.500  843741.125  -1640.276  0.000 
 12.829  1346.343  7826.432  7826.438  832817.000  648205.062  860988.750  851425.562  -1569.510  0.000 
 12.928  1359.271  7831.593  7831.600  837948.000  655243.312  872898.938  858540.062  -1675.824  0.000 
 13.028  1372.300  7836.772  7836.770  843472.000  662444.562  885152.062  865739.438  -1637.220  0.000 
 13.129  1385.429  7841.971  7841.977  848139.000  668003.875  895784.062  872114.812  -1537.696  0.000 
 13.230  1398.659  7847.189  7847.192  854377.000  677392.125  911381.000  880224.125  -1513.254  0.000 
 13.331  1411.990  7852.426  7852.430  864868.000  687658.375  928715.812  893137.438  -1565.892  0.000 
 13.433  1425.422  7857.682  7857.675  874265.000  698586.625  946815.562  904829.688  -1571.612  0.000 
 13.535  1438.957  7862.957  7862.959  878968.000  705647.812  960423.188  911246.938  -1501.412  0.000 
 13.637  1452.595  7868.250  7868.250  883766.000  712621.062  974127.812  917941.062  -1488.293  0.000 
 13.740  1466.335  7873.563  7873.565  894401.000  723043.312  992474.250  931298.188  -1585.256  0.000 
 13.844  1480.179  7878.896  7878.903  897941.000  730554.562  1006822.688  936398.312  -1625.299  0.000 
 13.948  1494.126  7884.247  7884.249  901538.000  735179.812  1017822.000  942074.375  -1587.424  0.000 
 14.052  1508.178  7889.617  7889.618  908614.000  744879.000  1035103.188  950987.375  -1564.629  0.000 
 14.156  1522.334  7895.006  7895.011  913683.000  752327.250  1049346.375  958009.312  -1572.915  0.000 
 14.261  1536.596  7900.415  7900.412  919654.000  760709.438  1065088.375  966189.250  -1642.283  0.000 
 14.367  1550.963  7905.842  7905.836  923899.000  766057.688  1077145.375  972468.125  -1599.731  0.000 
 14.473  1565.435  7911.288  7911.284  930603.000  776552.875  1095705.250  981582.000  -1684.260  0.000 
 14.579  1580.014  7916.754  7916.755  935350.000  782344.125  1108253.000  988554.812  -1750.870  0.000 
 14.686  1594.700  7922.238  7922.235  941156.000  790916.312  1124455.625  996767.562  -1687.562  0.000 
 14.793  1609.493  7927.742  7927.739  946515.000  799208.562  1140399.250  1004491.312  -1495.334  0.000 
 14.900  1624.393  7933.265  7933.267  951996.000  807494.750  1156342.875  1012470.000  -1672.187  0.000 
 15.008  1639.402  7938.806  7938.804  956757.000  813851.938  1169343.250  1019863.688  -1772.121  0.000 
 15.117  1654.518  7944.367  7944.364  963246.000  825306.125  1188721.625  1028694.250  -1813.136  0.000 
 15.226  1669.744  7949.946  7949.949  967718.000  831182.312  1201317.875  1035774.812  -1699.233  0.000 
 15.335  1685.079  7955.545  7955.542  974197.000  840562.500  1219058.000  1045142.375  -1832.410  0.000 
 15.444  1700.523  7961.163  7961.159  989107.000  857594.688  1247858.125  1063892.875  -1697.668  0.000 
 15.554  1716.078  7966.800  7966.801  995350.000  866766.875  1265610.125  1072891.250  -1716.007  0.000 
 15.665  1731.743  7972.456  7972.452  1000392.000  873894.062  1280332.000  1080614.750  -1952.427  0.000 
 15.776  1747.518  7978.131  7978.127  1006969.000  885493.250  1300781.875  1089902.125  -2013.928  0.000 
 15.887  1763.405  7983.825  7983.827  1012063.000  892030.438  1315000.625  1097787.375  -1997.510  0.000 
 15.999  1779.404  7989.538  7989.536  1018108.000  901437.625  1333855.250  1106835.750  -1994.173  0.000 
 16.111  1795.515  7995.271  7995.270  1023555.000  910446.750  1352268.750  1115014.000  -2016.917  0.000 
 16.224  1811.739  8001.021  8001.028  1029512.000  919897.938  1371390.250  1123810.125  -2161.742  0.000 
 16.337  1828.075  8006.792  8006.796  1034250.000  928337.125  1388803.625  1131486.375  -2029.648  0.000 
 16.450  1844.525  8012.581  8012.588  1040138.000  937578.250  1407868.000  1140329.500  -2021.635  0.000 
 16.564  1861.089  8018.389  8018.390  1044982.000  946168.438  1426255.125  1148200.625  -2031.703  0.000 
 16.678  1877.767  8024.217  8024.217  1050645.000  955591.562  1446170.250  1156912.625  -1848.852  0.000 
 16.793  1894.559  8030.063  8030.070  1055640.000  963149.750  1463548.375  1164975.625  -2005.082  0.000 
 16.908  1911.467  8035.929  8035.931  1062364.000  975898.875  1488160.250  1174855.625  -2191.393  0.000 
 17.023  1928.490  8041.813  8041.818  1067103.000  982365.000  1504234.125  1182724.500  -2224.785  0.000 
 17.139  1945.629  8047.717  8047.715  1072494.000  991959.188  1524855.000  1191191.375  -2178.258  0.000 
 17.255  1962.885  8053.640  8053.637  1078269.000  1002112.312  1546729.625  1200303.250  -2311.812  0.000 
 17.372  1980.257  8059.581  8059.584  1093620.000  1021231.438  1582543.250  1220913.125  -2018.446  0.000 
 17.489  1997.746  8065.542  8065.542  1101046.000  1032629.562  1606669.750  1231766.875  -2091.162  0.000 
 17.607  2015.353  8071.522  8071.525  1107276.000  1043275.688  1629826.125  1241364.625  -2274.959  0.000 
 17.725  2033.078  8077.521  8077.518  1112452.000  1052035.875  1650123.500  1250033.250  -2284.837  0.000 
 17.843  2050.921  8083.539  8083.537  1119297.000  1064606.000  1676047.750  1260478.875  -2301.796  0.000 
 17.962  2068.883  8089.576  8089.581  1123960.000  1071575.125  1693504.000  1268438.500  -2213.835  0.000 
 18.081  2086.964  8095.631  8095.636  1130520.000  1084810.250  1719495.000  1278517.125  -2264.956  0.000 
 18.201  2105.165  8101.707  8101.701  1135039.000  1092189.375  1737140.000  1286280.625  -2267.158  0.000 
 18.321  2123.486  8107.801  8107.808  1141316.000  1105400.375  1763399.875  1295986.125  -2333.440  0.000 
 18.441  2141.927  8113.914  8113.909  1145803.000  1112641.500  1781728.750  1303930.500  -2358.804  0.000 
 18.562  2160.490  8120.046  8120.053  1152628.000  1125106.625  1808195.500  1314650.000  -2273.249  0.000 
 18.684  2179.173  8126.197  8126.190  1156854.000  1132601.750  1827504.125  1322042.375  -2424.775  0.000 